-3.397752926214421265e-01 0.000000000000000000e+00 0.000000000000000000e+00 0.000000000000000000e+00 0.000000000000000000e+00
-1.000000000000000000e+00 0.000000000000000000e+00 0.000000000000000000e+00 0.000000000000000000e+00 0.000000000000000000e+00
1.000000000000000000e+00 0.000000000000000000e+00 0.000000000000000000e+00 0.000000000000000000e+00 0.000000000000000000e+00
-7.353783326304100254e-02 2.035707810529652217e+00 0.000000000000000000e+00 0.000000000000000000e+00 0.000000000000000000e+00
-1.521354692025278510e+00 2.327359826167994458e-02 0.000000000000000000e+00 0.000000000000000000e+00 0.000000000000000000e+00
6.212565811821874062e-01 -1.056476497958492300e-01 0.000000000000000000e+00 0.000000000000000000e+00 0.000000000000000000e+00
-3.157175718807814224e+00 2.725837512834927145e-01 0.000000000000000000e+00 0.000000000000000000e+00 0.000000000000000000e+00
1.740304694348977499e+00 1.294747729928650060e+00 0.000000000000000000e+00 0.000000000000000000e+00 0.000000000000000000e+00
0.000000000000000000e+00 -1.052550027084008466e+00 0.000000000000000000e+00 0.000000000000000000e+00 0.000000000000000000e+00
0.000000000000000000e+00 -1.856873377387757706e+00 0.000000000000000000e+00 0.000000000000000000e+00 0.000000000000000000e+00
0.000000000000000000e+00 -1.000000000000000000e+00 0.000000000000000000e+00 0.000000000000000000e+00 0.000000000000000000e+00
0.000000000000000000e+00 1.000000000000000000e+00 0.000000000000000000e+00 0.000000000000000000e+00 0.000000000000000000e+00
-1.885629113354306829e-01 -1.433562974278512092e+00 -9.713595838340103317e-01 0.000000000000000000e+00 0.000000000000000000e+00
5.161492093294666184e-01 1.026358247600680862e+01 1.007813864869692999e+01 0.000000000000000000e+00 0.000000000000000000e+00
-1.087891971211838033e-01 1.051603306842379369e-02 1.051603306842379369e-02 0.000000000000000000e+00 0.000000000000000000e+00
0.000000000000000000e+00 -2.045234534851839925e+00 -2.045234534851839925e+00 0.000000000000000000e+00 0.000000000000000000e+00
-1.295864867243938789e+00 1.135152835770846663e-01 1.135152835770846663e-01 0.000000000000000000e+00 0.000000000000000000e+00
1.808697628844756711e+00 1.317583073908018099e+00 1.317583073908018099e+00 0.000000000000000000e+00 0.000000000000000000e+00
2.668763038234988727e+00 1.210306943311162398e-01 1.210306943311162398e-01 0.000000000000000000e+00 0.000000000000000000e+00
0.000000000000000000e+00 0.000000000000000000e+00 -9.926845077678310147e-01 0.000000000000000000e+00 0.000000000000000000e+00
0.000000000000000000e+00 0.000000000000000000e+00 2.782260458780423384e-01 0.000000000000000000e+00 0.000000000000000000e+00
0.000000000000000000e+00 0.000000000000000000e+00 1.000000000000000000e+00 0.000000000000000000e+00 0.000000000000000000e+00
0.000000000000000000e+00 0.000000000000000000e+00 1.000000000000000000e+00 0.000000000000000000e+00 0.000000000000000000e+00
5.596998363509855245e-01 9.404968344447960149e+00 9.300719234694216908e+00 1.032457258787297150e+01 0.000000000000000000e+00
0.000000000000000000e+00 -1.298600577552985413e+00 -1.298600577552985413e+00 -1.298600577552985413e+00 0.000000000000000000e+00
-1.550569606525469268e+00 1.508222609479085985e-02 1.508222609479085985e-02 1.508222609479085985e-02 0.000000000000000000e+00
7.716159591102399240e+00 -1.743769999105397872e-01 -1.743769999105397872e-01 -1.743769999105397872e-01 0.000000000000000000e+00
-1.504552098531451110e+00 1.114368576175455844e-01 1.114368576175455844e-01 1.114368576175455844e-01 0.000000000000000000e+00
2.335897867571798514e+00 1.311589206848460476e+00 1.311589206848460476e+00 1.311589206848460476e+00 0.000000000000000000e+00
0.000000000000000000e+00 0.000000000000000000e+00 0.000000000000000000e+00 7.466339572988540674e-01 0.000000000000000000e+00
0.000000000000000000e+00 0.000000000000000000e+00 0.000000000000000000e+00 -1.242116083259347192e+00 0.000000000000000000e+00
0.000000000000000000e+00 0.000000000000000000e+00 0.000000000000000000e+00 -1.000000000000000000e+00 0.000000000000000000e+00
0.000000000000000000e+00 0.000000000000000000e+00 0.000000000000000000e+00 1.000000000000000000e+00 0.000000000000000000e+00
-7.509223978122803178e-02 -1.737869252533865705e+00 1.103303785055366748e-01 2.940566297640135884e-01 0.000000000000000000e+00
1.165046042897020406e+00 8.810138805144394070e+00 8.403532198291724598e+00 9.507159499468283315e+00 -2.937503991683986793e-01
-1.725794330369884166e-01 2.347059556372736999e-01 1.329347641015100390e+00 2.320103881799146173e+00 -1.507342257437896960e+00
-7.978722218536815625e-02 -5.942799732704296956e-01 6.511454865484803678e-01 1.062500771575489278e+00 8.482443446786204936e-17
-2.398969837134896199e+00 1.924426028234894837e+00 1.924426028234894837e+00 1.924426028234894837e+00 2.181128963672137822e+00
2.626409221188225729e+00 -3.238108831882671179e+00 -3.238108831882671179e+00 -3.238108831882671179e+00 -2.181128963672137377e+00
-3.681277968847780357e+00 7.180362174809960807e-02 7.180362174809960807e-02 7.180362174809960807e-02 3.112322352965482875e+00
5.918270218319221954e+00 -5.320314588093452812e+00 -5.320314588093452812e+00 -5.320314588093452812e+00 -6.656710413495028789e+00
-1.830227909094540362e+00 1.550588917521143362e+00 1.550588917521143362e+00 1.550588917521143362e+00 2.041275156545968361e+00
1.531894130334023663e+00 3.621145372783375560e+00 3.621145372783375560e+00 3.621145372783375560e+00 -7.329307214301332696e-01
0.000000000000000000e+00 0.000000000000000000e+00 0.000000000000000000e+00 0.000000000000000000e+00 1.674421013023399407e+00
0.000000000000000000e+00 0.000000000000000000e+00 0.000000000000000000e+00 0.000000000000000000e+00 1.266684630960204228e+00
0.000000000000000000e+00 0.000000000000000000e+00 0.000000000000000000e+00 0.000000000000000000e+00 1.000000000000000000e+00
0.000000000000000000e+00 0.000000000000000000e+00 0.000000000000000000e+00 0.000000000000000000e+00 1.000000000000000000e+00
