2.301444513779227208e-01 0.000000000000000000e+00 0.000000000000000000e+00 0.000000000000000000e+00 0.000000000000000000e+00
1.000000000000000000e+00 0.000000000000000000e+00 0.000000000000000000e+00 0.000000000000000000e+00 0.000000000000000000e+00
1.000000000000000000e+00 0.000000000000000000e+00 0.000000000000000000e+00 0.000000000000000000e+00 0.000000000000000000e+00
1.242273089412481921e-02 -9.814220787929670564e+00 0.000000000000000000e+00 0.000000000000000000e+00 0.000000000000000000e+00
-8.993167912056912461e-03 -2.826820787014014576e-03 0.000000000000000000e+00 0.000000000000000000e+00 0.000000000000000000e+00
2.034291555012568975e-01 5.266386923041910945e-02 0.000000000000000000e+00 0.000000000000000000e+00 0.000000000000000000e+00
-9.643608503390736775e-02 -6.695175212812164434e-01 0.000000000000000000e+00 0.000000000000000000e+00 0.000000000000000000e+00
-7.797264961730394905e-02 3.583451661883698541e-02 0.000000000000000000e+00 0.000000000000000000e+00 0.000000000000000000e+00
0.000000000000000000e+00 -9.213089369306137755e-02 0.000000000000000000e+00 0.000000000000000000e+00 0.000000000000000000e+00
0.000000000000000000e+00 -2.881238728771826629e-01 0.000000000000000000e+00 0.000000000000000000e+00 0.000000000000000000e+00
0.000000000000000000e+00 -1.000000000000000000e+00 0.000000000000000000e+00 0.000000000000000000e+00 0.000000000000000000e+00
0.000000000000000000e+00 1.000000000000000000e+00 0.000000000000000000e+00 0.000000000000000000e+00 0.000000000000000000e+00
-1.429069002487579343e-01 9.401043792045729930e+00 9.392689934581655464e+00 0.000000000000000000e+00 0.000000000000000000e+00
-9.889305730645633896e-02 3.605401653769474191e+00 3.464358554192186190e+00 0.000000000000000000e+00 0.000000000000000000e+00
-4.945780951537355197e-01 -1.753490769090387813e-02 -1.753490769090387813e-02 0.000000000000000000e+00 0.000000000000000000e+00
-0.000000000000000000e+00 8.136910805908770250e-01 8.136910805908770250e-01 0.000000000000000000e+00 0.000000000000000000e+00
6.519359593161603295e-01 -3.969325930749685594e-02 -3.969325930749685594e-02 0.000000000000000000e+00 0.000000000000000000e+00
5.205639364469083485e-02 2.373316083575257307e-01 2.373316083575257307e-01 0.000000000000000000e+00 0.000000000000000000e+00
8.897229148216632133e-01 -6.270658111859390704e-01 -6.270658111859390704e-01 0.000000000000000000e+00 0.000000000000000000e+00
0.000000000000000000e+00 0.000000000000000000e+00 9.058219742839384026e-01 0.000000000000000000e+00 0.000000000000000000e+00
0.000000000000000000e+00 0.000000000000000000e+00 8.911376163315658516e-01 0.000000000000000000e+00 0.000000000000000000e+00
0.000000000000000000e+00 0.000000000000000000e+00 1.000000000000000000e+00 0.000000000000000000e+00 0.000000000000000000e+00
0.000000000000000000e+00 0.000000000000000000e+00 1.000000000000000000e+00 0.000000000000000000e+00 0.000000000000000000e+00
-8.430507583289442719e-02 1.550235858655291343e+00 1.491478996076345931e+00 1.590287208398340368e+00 0.000000000000000000e+00
-0.000000000000000000e+00 2.274396086268985484e-01 2.274396086268985484e-01 2.274396086268985484e-01 0.000000000000000000e+00
-7.798227926257657316e-02 8.374313277474943612e-03 8.374313277474943612e-03 8.374313277474943612e-03 0.000000000000000000e+00
3.362322926718424032e-01 -6.618191708117309169e-01 -6.618191708117309169e-01 -6.618191708117309169e-01 0.000000000000000000e+00
5.767172798692435931e-01 -5.024868449909000029e-02 -5.024868449909000029e-02 -5.024868449909000029e-02 0.000000000000000000e+00
6.521129238879189716e-01 1.073927792261778480e-01 1.073927792261778480e-01 1.073927792261778480e-01 0.000000000000000000e+00
0.000000000000000000e+00 0.000000000000000000e+00 0.000000000000000000e+00 -5.862514719639784211e-01 0.000000000000000000e+00
0.000000000000000000e+00 0.000000000000000000e+00 0.000000000000000000e+00 2.321802619352286712e-01 0.000000000000000000e+00
0.000000000000000000e+00 0.000000000000000000e+00 0.000000000000000000e+00 1.000000000000000000e+00 0.000000000000000000e+00
0.000000000000000000e+00 0.000000000000000000e+00 0.000000000000000000e+00 1.000000000000000000e+00 0.000000000000000000e+00
-7.260520074935510049e-02 3.343120476994960732e+00 3.402194003524053212e+00 2.146774192445925600e+00 0.000000000000000000e+00
-6.369795573583055814e-01 -7.657419105973808371e-01 -2.555104379453618790e-01 -4.264655841399238034e-01 9.259123446519719636e+00
-2.681935502974998053e-01 7.220640102768858259e-01 6.488597849710961984e-01 1.028307729853073837e+00 3.359008970096849289e+00
-4.155132061399664511e-01 1.001037593442002560e+01 9.904136090379898505e+00 9.895344273128946710e+00 2.103917456897974383e-18
1.197368978610227508e+00 -4.805665927163093598e-01 -4.805665927163093598e-01 -4.805665927163093598e-01 -4.655528263538188938e-02
-1.789862518362661969e+00 6.996318880657330652e-01 6.996318880657330652e-01 6.996318880657330652e-01 4.655528263538188244e-02
-1.213886904288326463e+00 3.408196759191826630e-01 3.408196759191826630e-01 3.408196759191826630e-01 -1.432654097368250001e-01
1.045895717050568718e+00 3.011195761670527826e+00 3.011195761670527826e+00 3.011195761670527826e+00 7.433478584489836560e-01
1.439000222881531510e+00 -3.929596873025255066e-01 -3.929596873025255066e-01 -3.929596873025255066e-01 -1.409468643712570579e-02
6.394897944303244985e-01 2.189267980372624045e+00 2.189267980372624045e+00 2.189267980372624045e+00 -6.388138120055295577e-01
0.000000000000000000e+00 0.000000000000000000e+00 0.000000000000000000e+00 0.000000000000000000e+00 -4.403917251511471065e-01
0.000000000000000000e+00 0.000000000000000000e+00 0.000000000000000000e+00 0.000000000000000000e+00 -1.463401671503132828e+00
0.000000000000000000e+00 0.000000000000000000e+00 0.000000000000000000e+00 0.000000000000000000e+00 -1.000000000000000000e+00
0.000000000000000000e+00 0.000000000000000000e+00 0.000000000000000000e+00 0.000000000000000000e+00 1.000000000000000000e+00
