5.751570260288354497e-01 0.000000000000000000e+00 0.000000000000000000e+00 0.000000000000000000e+00 0.000000000000000000e+00
1.000000000000000000e+00 0.000000000000000000e+00 0.000000000000000000e+00 0.000000000000000000e+00 0.000000000000000000e+00
1.000000000000000000e+00 0.000000000000000000e+00 0.000000000000000000e+00 0.000000000000000000e+00 0.000000000000000000e+00
1.316807787919841433e-01 -7.590003470735113389e+00 0.000000000000000000e+00 0.000000000000000000e+00 0.000000000000000000e+00
5.382966311140560123e-01 -1.624043412163061473e-01 0.000000000000000000e+00 0.000000000000000000e+00 0.000000000000000000e+00
-1.264606624884719643e+00 6.270301304376918461e-02 0.000000000000000000e+00 0.000000000000000000e+00 0.000000000000000000e+00
7.435039530275011632e-02 9.873808199721842982e-01 0.000000000000000000e+00 0.000000000000000000e+00 0.000000000000000000e+00
-6.291418855759300932e-02 -8.150008635709306004e-01 0.000000000000000000e+00 0.000000000000000000e+00 0.000000000000000000e+00
0.000000000000000000e+00 9.738972377167298689e-02 0.000000000000000000e+00 0.000000000000000000e+00 0.000000000000000000e+00
0.000000000000000000e+00 3.450859411925089049e-02 0.000000000000000000e+00 0.000000000000000000e+00 0.000000000000000000e+00
0.000000000000000000e+00 1.000000000000000000e+00 0.000000000000000000e+00 0.000000000000000000e+00 0.000000000000000000e+00
0.000000000000000000e+00 1.000000000000000000e+00 0.000000000000000000e+00 0.000000000000000000e+00 0.000000000000000000e+00
5.404700510335697441e-03 1.615598323424610960e+00 1.523863144649541645e+00 0.000000000000000000e+00 0.000000000000000000e+00
2.712784749083996250e-01 -9.891460210449912083e+00 -9.724570848017750180e+00 0.000000000000000000e+00 0.000000000000000000e+00
-1.463457452931310465e-01 5.289402415909552624e-02 5.289402415909552624e-02 0.000000000000000000e+00 0.000000000000000000e+00
-0.000000000000000000e+00 -2.591339656489238252e-01 -2.591339656489238252e-01 0.000000000000000000e+00 0.000000000000000000e+00
-6.569707651697854756e-01 3.134345814702084732e-01 3.134345814702084732e-01 0.000000000000000000e+00 0.000000000000000000e+00
-1.005901531108377434e-01 1.263372643579594445e+00 1.263372643579594445e+00 0.000000000000000000e+00 0.000000000000000000e+00
-9.866524371491243173e-01 2.074532591332622355e-01 2.074532591332622355e-01 0.000000000000000000e+00 0.000000000000000000e+00
0.000000000000000000e+00 0.000000000000000000e+00 -3.565236894205967566e-01 0.000000000000000000e+00 0.000000000000000000e+00
0.000000000000000000e+00 0.000000000000000000e+00 9.439158904961151286e-01 0.000000000000000000e+00 0.000000000000000000e+00
0.000000000000000000e+00 0.000000000000000000e+00 1.000000000000000000e+00 0.000000000000000000e+00 0.000000000000000000e+00
0.000000000000000000e+00 0.000000000000000000e+00 1.000000000000000000e+00 0.000000000000000000e+00 0.000000000000000000e+00
-2.756387353879877211e-01 1.030196356857023510e+01 9.831216239438203885e+00 9.504640368747260482e+00 0.000000000000000000e+00
-0.000000000000000000e+00 -1.924912110384999098e+00 -1.924912110384999098e+00 -1.924912110384999098e+00 0.000000000000000000e+00
1.540545388232743118e+00 -6.158617715573345974e-02 -6.158617715573345974e-02 -6.158617715573345974e-02 0.000000000000000000e+00
2.373335087988825975e+00 -2.427560325814980269e-01 -2.427560325814980269e-01 -2.427560325814980269e-01 0.000000000000000000e+00
-1.050174698442377430e+00 3.070194117018453794e-01 3.070194117018453794e-01 3.070194117018453794e-01 0.000000000000000000e+00
1.502154072587739142e+00 -1.257066744415584747e+00 -1.257066744415584747e+00 -1.257066744415584747e+00 0.000000000000000000e+00
0.000000000000000000e+00 0.000000000000000000e+00 0.000000000000000000e+00 -1.665778144736075550e+00 0.000000000000000000e+00
0.000000000000000000e+00 0.000000000000000000e+00 0.000000000000000000e+00 4.517707125298531246e-01 0.000000000000000000e+00
0.000000000000000000e+00 0.000000000000000000e+00 0.000000000000000000e+00 1.000000000000000000e+00 0.000000000000000000e+00
0.000000000000000000e+00 0.000000000000000000e+00 0.000000000000000000e+00 1.000000000000000000e+00 0.000000000000000000e+00
-7.531591685677642943e-03 -1.192753592955633657e+00 -2.224116944049169264e-01 -4.850123059052756092e-01 0.000000000000000000e+00
2.744110431893663771e-01 1.725441618427532520e+00 1.684092314394781909e+00 1.283909960913447668e+00 -2.199275073027113336e+00
-2.226683927319734746e-01 1.006324860514355279e+01 9.632553102541876910e+00 9.400761713743412074e+00 3.476666987625591787e-01
-1.336212409812843338e-01 -2.449468229192280688e+00 -2.387360750078187266e+00 -2.631032144752582624e+00 1.245386249055433692e-17
-2.124282073104115653e-01 -2.238638586052473123e+00 -2.238638586052473123e+00 -2.238638586052473123e+00 2.453685150638984513e-01
-4.782530354814995555e-02 3.753126528232076375e-01 3.753126528232076375e-01 3.753126528232076375e-01 -2.453685150638984791e-01
2.638206438091765360e+00 4.476399754342392373e-02 4.476399754342392373e-02 4.476399754342392373e-02 -2.800316489390257235e+00
-2.457353905203967237e+00 -1.673076610409435894e+00 -1.673076610409435894e+00 -1.673076610409435894e+00 1.997966952600481294e+00
-1.598965662241880636e+00 2.624019740367700138e+00 2.624019740367700138e+00 2.624019740367700138e+00 2.095475794819241955e+00
-4.842283541587655282e-01 -3.627763986620086700e-01 -3.627763986620086700e-01 -3.627763986620086700e-01 9.823045723767216408e-01
0.000000000000000000e+00 0.000000000000000000e+00 0.000000000000000000e+00 0.000000000000000000e+00 -1.387279129608762318e+00
0.000000000000000000e+00 0.000000000000000000e+00 0.000000000000000000e+00 0.000000000000000000e+00 9.751933639131782350e-01
0.000000000000000000e+00 0.000000000000000000e+00 0.000000000000000000e+00 0.000000000000000000e+00 1.000000000000000000e+00
0.000000000000000000e+00 0.000000000000000000e+00 0.000000000000000000e+00 0.000000000000000000e+00 1.000000000000000000e+00
