-1.429303264114103023e+00 0.000000000000000000e+00 0.000000000000000000e+00 0.000000000000000000e+00 0.000000000000000000e+00
-1.000000000000000000e+00 0.000000000000000000e+00 0.000000000000000000e+00 0.000000000000000000e+00 0.000000000000000000e+00
1.000000000000000000e+00 0.000000000000000000e+00 0.000000000000000000e+00 0.000000000000000000e+00 0.000000000000000000e+00
6.615661516832672673e-01 2.251901701909798437e+00 0.000000000000000000e+00 0.000000000000000000e+00 0.000000000000000000e+00
-6.223963323346248799e-02 4.128456066295941862e-01 0.000000000000000000e+00 0.000000000000000000e+00 0.000000000000000000e+00
-5.520372601269972535e+00 -1.868610816799986640e+00 0.000000000000000000e+00 0.000000000000000000e+00 0.000000000000000000e+00
-3.660611099341429142e+00 2.529656470326765438e-01 0.000000000000000000e+00 0.000000000000000000e+00 0.000000000000000000e+00
5.432680388673860605e-01 1.198365475075097830e+00 0.000000000000000000e+00 0.000000000000000000e+00 0.000000000000000000e+00
0.000000000000000000e+00 2.245109599944945522e-01 0.000000000000000000e+00 0.000000000000000000e+00 0.000000000000000000e+00
0.000000000000000000e+00 1.921949012705936433e+00 0.000000000000000000e+00 0.000000000000000000e+00 0.000000000000000000e+00
0.000000000000000000e+00 1.000000000000000000e+00 0.000000000000000000e+00 0.000000000000000000e+00 0.000000000000000000e+00
0.000000000000000000e+00 1.000000000000000000e+00 0.000000000000000000e+00 0.000000000000000000e+00 0.000000000000000000e+00
7.498630110597912513e-01 -6.338567461985830320e+00 -5.976482716524042615e+00 0.000000000000000000e+00 0.000000000000000000e+00
4.951286933005734636e-01 7.818527413231068479e+00 8.003327080432706353e+00 0.000000000000000000e+00 0.000000000000000000e+00
1.613997612157740846e+00 1.009515821421080206e+00 1.009515821421080206e+00 0.000000000000000000e+00 0.000000000000000000e+00
-0.000000000000000000e+00 -1.541811310558870662e+00 -1.541811310558870662e+00 0.000000000000000000e+00 0.000000000000000000e+00
-5.524483307523615494e-01 3.114218834915558065e-01 3.114218834915558065e-01 0.000000000000000000e+00 0.000000000000000000e+00
-3.139432542036231233e-01 9.297158342185658508e-01 9.297158342185658508e-01 0.000000000000000000e+00 0.000000000000000000e+00
2.734512541860247836e+00 7.973079066671173720e-01 7.973079066671173720e-01 0.000000000000000000e+00 0.000000000000000000e+00
0.000000000000000000e+00 0.000000000000000000e+00 -1.766322270553365215e+00 0.000000000000000000e+00 0.000000000000000000e+00
0.000000000000000000e+00 0.000000000000000000e+00 -4.119431252703109614e-01 0.000000000000000000e+00 0.000000000000000000e+00
0.000000000000000000e+00 0.000000000000000000e+00 -1.000000000000000000e+00 0.000000000000000000e+00 0.000000000000000000e+00
0.000000000000000000e+00 0.000000000000000000e+00 1.000000000000000000e+00 0.000000000000000000e+00 0.000000000000000000e+00
5.827959244528119198e-01 4.867427317375208062e+00 4.996983248597829608e+00 5.424287880306398080e+00 0.000000000000000000e+00
-0.000000000000000000e+00 -2.983413089502459759e+00 -2.983413089502459759e+00 -2.983413089502459759e+00 0.000000000000000000e+00
-1.573866037823833608e+00 -8.039758885372965125e-01 -8.039758885372965125e-01 -8.039758885372965125e-01 0.000000000000000000e+00
3.302725673883459834e+00 1.101220517609622362e+00 1.101220517609622362e+00 1.101220517609622362e+00 0.000000000000000000e+00
-3.063092424109474798e+00 -1.260144216714102594e+00 -1.260144216714102594e+00 -1.260144216714102594e+00 0.000000000000000000e+00
3.166973986791221662e-02 5.360828313108167986e-01 5.360828313108167986e-01 5.360828313108167986e-01 0.000000000000000000e+00
0.000000000000000000e+00 0.000000000000000000e+00 0.000000000000000000e+00 -1.441601778943589096e+00 0.000000000000000000e+00
0.000000000000000000e+00 0.000000000000000000e+00 0.000000000000000000e+00 -3.195748601824233148e-01 0.000000000000000000e+00
0.000000000000000000e+00 0.000000000000000000e+00 0.000000000000000000e+00 -1.000000000000000000e+00 0.000000000000000000e+00
0.000000000000000000e+00 0.000000000000000000e+00 0.000000000000000000e+00 1.000000000000000000e+00 0.000000000000000000e+00
1.811095323736763851e-01 -4.460471257924751853e+00 -2.838868934755970574e+00 -2.018796978753544025e+00 0.000000000000000000e+00
-1.740215567828694576e-01 3.178311500090621244e+00 3.419494514285078335e+00 3.771567842403304560e+00 -6.368515147450719560e+00
8.401005456105856695e-01 4.269141854823324422e+00 4.198245293410445278e+00 4.357808032213810634e+00 6.738098315569787999e+00
5.608140190672540326e-01 -1.028401401168964391e+01 -9.840919389235910586e+00 -9.735653909597305145e+00 9.088689924030699233e-17
-1.190891905640230064e+00 -1.390945187088565849e+00 -1.390945187088565849e+00 -1.390945187088565849e+00 -5.484233404741808288e-02
1.539983911068445011e+00 -7.884920138765967312e-01 -7.884920138765967312e-01 -7.884920138765967312e-01 5.484233404741839513e-02
-4.610004121927999687e-01 -4.665937167423734877e-01 -4.665937167423734877e-01 -4.665937167423734877e-01 1.653786842915338784e-01
8.006102831241201923e-01 3.090666945448393932e+00 3.090666945448393932e+00 3.090666945448393932e+00 -3.066691160504997793e+00
-7.924244861251746874e-01 -6.823917128305349855e-02 -6.823917128305349855e-02 -6.823917128305349855e-02 1.303245292851253900e+00
-1.116599468678737495e+00 -2.041225927485357694e+00 -2.041225927485357694e+00 -2.041225927485357694e+00 -1.789481294477193840e+00
0.000000000000000000e+00 0.000000000000000000e+00 0.000000000000000000e+00 0.000000000000000000e+00 -1.900547443398599601e+00
0.000000000000000000e+00 0.000000000000000000e+00 0.000000000000000000e+00 0.000000000000000000e+00 -2.625302907149285048e-01
0.000000000000000000e+00 0.000000000000000000e+00 0.000000000000000000e+00 0.000000000000000000e+00 -1.000000000000000000e+00
0.000000000000000000e+00 0.000000000000000000e+00 0.000000000000000000e+00 0.000000000000000000e+00 1.000000000000000000e+00
