1.802255859547335692e+00 0.000000000000000000e+00 0.000000000000000000e+00 0.000000000000000000e+00 0.000000000000000000e+00
1.000000000000000000e+00 0.000000000000000000e+00 0.000000000000000000e+00 0.000000000000000000e+00 0.000000000000000000e+00
1.000000000000000000e+00 0.000000000000000000e+00 0.000000000000000000e+00 0.000000000000000000e+00 0.000000000000000000e+00
1.615622054146597097e-01 -2.424908416971622405e+00 0.000000000000000000e+00 0.000000000000000000e+00 0.000000000000000000e+00
-1.129752859062998827e+00 9.279509552361618896e-01 0.000000000000000000e+00 0.000000000000000000e+00 0.000000000000000000e+00
-8.498776121669295858e-01 -2.665699120524838150e+00 0.000000000000000000e+00 0.000000000000000000e+00 0.000000000000000000e+00
5.387525109536267509e-01 -3.848223189453220394e-01 0.000000000000000000e+00 0.000000000000000000e+00 0.000000000000000000e+00
1.711637902302514558e+00 -1.226235047446939008e+00 0.000000000000000000e+00 0.000000000000000000e+00 0.000000000000000000e+00
0.000000000000000000e+00 1.794423653740182090e+00 0.000000000000000000e+00 0.000000000000000000e+00 0.000000000000000000e+00
0.000000000000000000e+00 -3.905934838770797057e-02 0.000000000000000000e+00 0.000000000000000000e+00 0.000000000000000000e+00
0.000000000000000000e+00 -1.000000000000000000e+00 0.000000000000000000e+00 0.000000000000000000e+00 0.000000000000000000e+00
0.000000000000000000e+00 1.000000000000000000e+00 0.000000000000000000e+00 0.000000000000000000e+00 0.000000000000000000e+00
5.025235798724347891e-01 1.289046005247568960e+00 1.333873923824375307e+00 0.000000000000000000e+00 0.000000000000000000e+00
1.317399266074995023e-01 -1.074509407051789012e+01 -1.048006208848381604e+01 0.000000000000000000e+00 0.000000000000000000e+00
1.227597429124179518e-01 1.501560013928059933e-01 1.501560013928059933e-01 0.000000000000000000e+00 0.000000000000000000e+00
0.000000000000000000e+00 5.787660422846833130e-01 5.787660422846833130e-01 0.000000000000000000e+00 0.000000000000000000e+00
2.584584388173748692e+00 3.234213413404349424e+00 3.234213413404349424e+00 0.000000000000000000e+00 0.000000000000000000e+00
6.044023268139757654e-01 -1.283823640700544111e+00 -1.283823640700544111e+00 0.000000000000000000e+00 0.000000000000000000e+00
-5.399688969867005861e-01 -5.947661997836894976e-02 -5.947661997836894976e-02 0.000000000000000000e+00 0.000000000000000000e+00
0.000000000000000000e+00 0.000000000000000000e+00 -1.215657611455498888e+00 0.000000000000000000e+00 0.000000000000000000e+00
0.000000000000000000e+00 0.000000000000000000e+00 -7.141743157021296362e-01 0.000000000000000000e+00 0.000000000000000000e+00
0.000000000000000000e+00 0.000000000000000000e+00 -1.000000000000000000e+00 0.000000000000000000e+00 0.000000000000000000e+00
0.000000000000000000e+00 0.000000000000000000e+00 1.000000000000000000e+00 0.000000000000000000e+00 0.000000000000000000e+00
3.407548044668873288e-02 -1.151464729927712582e+01 -1.097961994886593828e+01 -1.004041764695244865e+01 0.000000000000000000e+00
0.000000000000000000e+00 1.663424331437771908e+00 1.663424331437771908e+00 1.663424331437771908e+00 0.000000000000000000e+00
-8.856382589012821160e-01 1.886508067464468252e-01 1.886508067464468252e-01 1.886508067464468252e-01 0.000000000000000000e+00
-3.654564753854657067e+00 7.477095522080956513e-02 7.477095522080956513e-02 7.477095522080956513e-02 0.000000000000000000e+00
6.907857384135894563e+00 3.226138123967629667e+00 3.226138123967629667e+00 3.226138123967629667e+00 0.000000000000000000e+00
1.453269033745682171e+00 -1.283023738284300164e+00 -1.283023738284300164e+00 -1.283023738284300164e+00 0.000000000000000000e+00
0.000000000000000000e+00 0.000000000000000000e+00 0.000000000000000000e+00 1.084658289153088706e+00 0.000000000000000000e+00
0.000000000000000000e+00 0.000000000000000000e+00 0.000000000000000000e+00 -1.134576109651048270e+00 0.000000000000000000e+00
0.000000000000000000e+00 0.000000000000000000e+00 0.000000000000000000e+00 -1.000000000000000000e+00 0.000000000000000000e+00
0.000000000000000000e+00 0.000000000000000000e+00 0.000000000000000000e+00 1.000000000000000000e+00 0.000000000000000000e+00
2.842473384178811902e-01 1.721859244699418090e+00 3.102962708481625809e-01 1.113168515288925076e-01 0.000000000000000000e+00
-1.631008517014719050e+00 -1.125987580191648263e+01 -1.083312645790519468e+01 -1.007566832905325604e+01 -1.707295582654814847e+00
-1.601990836171028332e-01 3.913280389866480746e+00 3.598795530300477719e+00 3.217967854236426728e+00 -2.650168007584774443e-02
1.103329367341763900e+00 4.980028627534494046e-01 9.797937264464420259e-01 8.321283876895532172e-01 -3.837122980189815884e-16
-1.383524623904652806e+00 2.382889404416717039e-01 2.382889404416717039e-01 2.382889404416717039e-01 -1.134054585983679697e+00
9.839622724942017618e-01 1.236484584249653018e+00 1.236484584249653018e+00 1.236484584249653018e+00 1.134054585983679253e+00
-6.454693382559203441e-01 1.645227465546325318e-01 1.645227465546325318e-01 1.645227465546325318e-01 -8.191895980773823416e-01
-2.816546713986184169e+00 1.774187518543949738e+00 1.774187518543949738e+00 1.774187518543949738e+00 -2.763153485174420609e+00
7.008382053400832312e+00 2.060902307065983319e+00 2.060902307065983319e+00 2.060902307065983319e+00 7.003809741828865398e+00
-6.087309800351243805e-01 -1.671783652580880242e+00 -1.671783652580880242e+00 -1.671783652580880242e+00 -5.379131013082097956e-01
0.000000000000000000e+00 0.000000000000000000e+00 0.000000000000000000e+00 0.000000000000000000e+00 2.658927198771241507e-01
0.000000000000000000e+00 0.000000000000000000e+00 0.000000000000000000e+00 0.000000000000000000e+00 -2.301144842530935541e-01
0.000000000000000000e+00 0.000000000000000000e+00 0.000000000000000000e+00 0.000000000000000000e+00 -1.000000000000000000e+00
0.000000000000000000e+00 0.000000000000000000e+00 0.000000000000000000e+00 0.000000000000000000e+00 1.000000000000000000e+00
