8.301168169417389997e-01 0.000000000000000000e+00 0.000000000000000000e+00 0.000000000000000000e+00 0.000000000000000000e+00
1.000000000000000000e+00 0.000000000000000000e+00 0.000000000000000000e+00 0.000000000000000000e+00 0.000000000000000000e+00
1.000000000000000000e+00 0.000000000000000000e+00 0.000000000000000000e+00 0.000000000000000000e+00 0.000000000000000000e+00
-1.687349805709695838e-01 -9.020485084910504270e+00 0.000000000000000000e+00 0.000000000000000000e+00 0.000000000000000000e+00
-5.570654597675598341e-01 -2.594774369072033182e-01 0.000000000000000000e+00 0.000000000000000000e+00 0.000000000000000000e+00
7.174949481365282544e-01 4.533610955843306867e-01 0.000000000000000000e+00 0.000000000000000000e+00 0.000000000000000000e+00
-1.639531795968015793e+00 5.127430707758664497e-01 0.000000000000000000e+00 0.000000000000000000e+00 0.000000000000000000e+00
-4.550301512966485884e-01 -2.329111515889159545e-01 0.000000000000000000e+00 0.000000000000000000e+00 0.000000000000000000e+00
0.000000000000000000e+00 -1.304553736625240656e+00 0.000000000000000000e+00 0.000000000000000000e+00 0.000000000000000000e+00
0.000000000000000000e+00 -1.045161616489492129e+00 0.000000000000000000e+00 0.000000000000000000e+00 0.000000000000000000e+00
0.000000000000000000e+00 -1.000000000000000000e+00 0.000000000000000000e+00 0.000000000000000000e+00 0.000000000000000000e+00
0.000000000000000000e+00 1.000000000000000000e+00 0.000000000000000000e+00 0.000000000000000000e+00 0.000000000000000000e+00
-4.852372558900913679e-01 -4.850592075845754358e+00 -4.707232316334588162e+00 0.000000000000000000e+00 0.000000000000000000e+00
-3.530483960341425087e-01 -9.369878025225730767e+00 -8.721310117476983592e+00 0.000000000000000000e+00 0.000000000000000000e+00
-1.131383104837043074e+00 -2.694797641347049799e-01 -2.694797641347049799e-01 0.000000000000000000e+00 0.000000000000000000e+00
0.000000000000000000e+00 -5.703872121658989380e-01 -5.703872121658989380e-01 0.000000000000000000e+00 0.000000000000000000e+00
1.531366442553720120e+00 4.293868546343337922e-01 4.293868546343337922e-01 0.000000000000000000e+00 0.000000000000000000e+00
-2.090903478792145886e+00 5.073346297340080024e-01 5.073346297340080024e-01 0.000000000000000000e+00 0.000000000000000000e+00
-3.025207068340048266e+00 -2.444680646542565228e-01 -2.444680646542565228e-01 0.000000000000000000e+00 0.000000000000000000e+00
0.000000000000000000e+00 0.000000000000000000e+00 7.341665244593418294e-01 0.000000000000000000e+00 0.000000000000000000e+00
0.000000000000000000e+00 0.000000000000000000e+00 -8.608714619650852384e-01 0.000000000000000000e+00 0.000000000000000000e+00
0.000000000000000000e+00 0.000000000000000000e+00 -1.000000000000000000e+00 0.000000000000000000e+00 0.000000000000000000e+00
0.000000000000000000e+00 0.000000000000000000e+00 1.000000000000000000e+00 0.000000000000000000e+00 0.000000000000000000e+00
-5.865977897227557802e-01 -8.229413926846055105e+00 -7.797829738079664175e+00 -7.431887298634805461e+00 0.000000000000000000e+00
0.000000000000000000e+00 -8.583306487499443582e-01 -8.583306487499443582e-01 -8.583306487499443582e-01 0.000000000000000000e+00
-1.261262932817980298e+00 -3.413665816387595475e-01 -3.413665816387595475e-01 -3.413665816387595475e-01 0.000000000000000000e+00
-3.348739653895650648e+00 3.702433953594488347e-01 3.702433953594488347e-01 3.702433953594488347e-01 0.000000000000000000e+00
9.905979548875600837e-01 9.341237501650395680e-02 9.341237501650395680e-02 9.341237501650395680e-02 0.000000000000000000e+00
1.782651979906373363e+00 4.243499609471500511e-01 4.243499609471500511e-01 4.243499609471500511e-01 0.000000000000000000e+00
0.000000000000000000e+00 0.000000000000000000e+00 0.000000000000000000e+00 -2.879434365840451981e-01 0.000000000000000000e+00
0.000000000000000000e+00 0.000000000000000000e+00 0.000000000000000000e+00 -1.628083098601562639e-02 0.000000000000000000e+00
0.000000000000000000e+00 0.000000000000000000e+00 0.000000000000000000e+00 -1.000000000000000000e+00 0.000000000000000000e+00
0.000000000000000000e+00 0.000000000000000000e+00 0.000000000000000000e+00 1.000000000000000000e+00 0.000000000000000000e+00
6.348746240076624803e-02 1.301739551605311518e-01 6.978208249498867310e-01 1.215935196695874021e+00 0.000000000000000000e+00
-1.249711105671477696e-01 5.298239116112114511e-01 1.527099146798476248e-01 -1.821586640502644849e-01 5.581230687575803984e+00
-7.299129262057549861e-01 -7.914310341780683267e+00 -7.617603769821378101e+00 -7.369033959163910907e+00 -1.167345670728756168e+00
9.272981414123859789e-01 6.463305356777092392e+00 5.933130328837548539e+00 5.464986221882941031e+00 9.022027231229117866e-17
-9.036298066945923635e-01 -4.624662235967685331e-01 -4.624662235967685331e-01 -4.624662235967685331e-01 -1.059326940954803398e+00
2.728056180409742737e+00 -5.449784351441622210e-02 -5.449784351441622210e-02 -5.449784351441622210e-02 1.059326940954803398e+00
-1.392368251857296846e+00 4.516428281624632057e-02 4.516428281624632057e-02 4.516428281624632057e-02 -1.986640481529663438e+00
2.818645588304450111e+00 -3.095752953524211648e+00 -3.095752953524211648e+00 -3.095752953524211648e+00 3.384731193876697741e+00
-2.035650978465500138e+00 9.384151068233337334e-01 9.384151068233337334e-01 9.384151068233337334e-01 5.085916440858230247e-01
8.910316166040799235e-02 -2.881630019616560623e-01 -2.881630019616560623e-01 -2.881630019616560623e-01 2.776613644083166133e+00
0.000000000000000000e+00 0.000000000000000000e+00 0.000000000000000000e+00 0.000000000000000000e+00 -1.361891650891714711e+00
0.000000000000000000e+00 0.000000000000000000e+00 0.000000000000000000e+00 0.000000000000000000e+00 -7.082589963213035134e-01
0.000000000000000000e+00 0.000000000000000000e+00 0.000000000000000000e+00 0.000000000000000000e+00 -1.000000000000000000e+00
0.000000000000000000e+00 0.000000000000000000e+00 0.000000000000000000e+00 0.000000000000000000e+00 1.000000000000000000e+00
