1.615260526048593714e+00 0.000000000000000000e+00 0.000000000000000000e+00 0.000000000000000000e+00 0.000000000000000000e+00
1.000000000000000000e+00 0.000000000000000000e+00 0.000000000000000000e+00 0.000000000000000000e+00 0.000000000000000000e+00
1.000000000000000000e+00 0.000000000000000000e+00 0.000000000000000000e+00 0.000000000000000000e+00 0.000000000000000000e+00
-4.713380183823562275e-02 -5.392296303770564236e+00 0.000000000000000000e+00 0.000000000000000000e+00 0.000000000000000000e+00
-6.744247761393465379e-02 -1.207447422933641157e+00 0.000000000000000000e+00 0.000000000000000000e+00 0.000000000000000000e+00
4.471790144403454681e-01 -9.876797226313041023e-01 0.000000000000000000e+00 0.000000000000000000e+00 0.000000000000000000e+00
1.178781489701590524e-01 -1.880084426631328243e-01 0.000000000000000000e+00 0.000000000000000000e+00 0.000000000000000000e+00
-1.974288176406215067e-01 2.800199229077210417e-01 0.000000000000000000e+00 0.000000000000000000e+00 0.000000000000000000e+00
0.000000000000000000e+00 2.296190345123534371e-01 0.000000000000000000e+00 0.000000000000000000e+00 0.000000000000000000e+00
0.000000000000000000e+00 1.103895540875572401e-01 0.000000000000000000e+00 0.000000000000000000e+00 0.000000000000000000e+00
0.000000000000000000e+00 1.000000000000000000e+00 0.000000000000000000e+00 0.000000000000000000e+00 0.000000000000000000e+00
0.000000000000000000e+00 1.000000000000000000e+00 0.000000000000000000e+00 0.000000000000000000e+00 0.000000000000000000e+00
6.416369681869189545e-01 -9.846737212715140686e+00 -9.100040355352273735e+00 0.000000000000000000e+00 0.000000000000000000e+00
1.194041326399818193e+00 3.866110576306400315e+00 3.972384407972803455e+00 0.000000000000000000e+00 0.000000000000000000e+00
1.726499893239401118e+00 8.698317276316858138e-01 8.698317276316858138e-01 0.000000000000000000e+00 0.000000000000000000e+00
0.000000000000000000e+00 -1.010158628825498228e+00 -1.010158628825498228e+00 0.000000000000000000e+00 0.000000000000000000e+00
-4.742247633634581128e+00 -1.944427785626023475e+00 -1.944427785626023475e+00 0.000000000000000000e+00 0.000000000000000000e+00
-2.928190508317935148e+00 1.203723859276961683e-01 1.203723859276961683e-01 0.000000000000000000e+00 0.000000000000000000e+00
2.200086876255074930e+00 3.150695485824304143e-01 3.150695485824304143e-01 0.000000000000000000e+00 0.000000000000000000e+00
0.000000000000000000e+00 0.000000000000000000e+00 -1.239777663337851443e+00 0.000000000000000000e+00 0.000000000000000000e+00
0.000000000000000000e+00 0.000000000000000000e+00 -1.986702017460689973e+00 0.000000000000000000e+00 0.000000000000000000e+00
0.000000000000000000e+00 0.000000000000000000e+00 -1.000000000000000000e+00 0.000000000000000000e+00 0.000000000000000000e+00
0.000000000000000000e+00 0.000000000000000000e+00 1.000000000000000000e+00 0.000000000000000000e+00 0.000000000000000000e+00
-2.143516718437619595e+00 -3.400982791085221280e+00 -4.247881094075431463e+00 -6.114874703668203182e+00 0.000000000000000000e+00
0.000000000000000000e+00 7.403042821102641113e-01 7.403042821102641113e-01 7.403042821102641113e-01 0.000000000000000000e+00
-5.389023390211598041e+00 -1.166688286648779327e+00 -1.166688286648779327e+00 -1.166688286648779327e+00 0.000000000000000000e+00
-6.434604199216878762e+00 -2.869266745730656432e-01 -2.869266745730656432e-01 -2.869266745730656432e-01 0.000000000000000000e+00
-5.600237120172854688e+00 -1.167296928069100792e+00 -1.167296928069100792e+00 -1.167296928069100792e+00 0.000000000000000000e+00
1.182221764429580624e+01 -1.772890722980573486e-01 -1.772890722980573486e-01 -1.772890722980573486e-01 0.000000000000000000e+00
0.000000000000000000e+00 0.000000000000000000e+00 0.000000000000000000e+00 1.750462910935762562e+00 0.000000000000000000e+00
0.000000000000000000e+00 0.000000000000000000e+00 0.000000000000000000e+00 -1.789683707279633662e+00 0.000000000000000000e+00
0.000000000000000000e+00 0.000000000000000000e+00 0.000000000000000000e+00 -1.000000000000000000e+00 0.000000000000000000e+00
0.000000000000000000e+00 0.000000000000000000e+00 0.000000000000000000e+00 1.000000000000000000e+00 0.000000000000000000e+00
-3.803112685829704992e-02 -2.804099655279410075e-01 6.551430494862342524e-01 1.851676200016412643e+00 0.000000000000000000e+00
-1.930570861292723261e+00 -2.980041139593124555e+00 -3.404260761510611299e+00 -4.889511329177082644e+00 -5.383026881084915338e+00
-1.368146987102305312e+00 -4.466879744013607656e-03 1.834216242346827785e+00 3.034147883528466316e+00 -6.653194031976539691e+00
6.744594053118703192e-01 1.108584035142287760e+01 9.044582360193755832e+00 8.909651903000536777e+00 2.579209323729404301e-17
3.976747553794953483e+00 4.502602912222053888e+00 4.502602912222053888e+00 4.502602912222053888e+00 -2.971061105879322817e+00
1.074995045772021207e+00 -2.595610343463008451e+00 -2.595610343463008451e+00 -2.595610343463008451e+00 2.971061105879321929e+00
-1.105488297099697759e+00 6.656443871236464860e-01 6.656443871236464860e-01 6.656443871236464860e-01 -4.977215189846193155e+00
-1.346531390910475778e+01 7.082571592861375720e+00 7.082571592861375720e+00 7.082571592861375720e+00 -1.412904339905105822e+01
1.895077267554996947e+00 -1.371099876835518483e+00 -1.371099876835518483e+00 -1.371099876835518483e+00 6.047788140564032133e+00
1.323875682077583527e+01 9.262013422955810427e-01 9.262013422955810427e-01 9.262013422955810427e-01 -1.524548298421018355e+00
0.000000000000000000e+00 0.000000000000000000e+00 0.000000000000000000e+00 0.000000000000000000e+00 2.375604898997214498e-01
0.000000000000000000e+00 0.000000000000000000e+00 0.000000000000000000e+00 0.000000000000000000e+00 -1.333467478698639574e+00
0.000000000000000000e+00 0.000000000000000000e+00 0.000000000000000000e+00 0.000000000000000000e+00 -1.000000000000000000e+00
0.000000000000000000e+00 0.000000000000000000e+00 0.000000000000000000e+00 0.000000000000000000e+00 1.000000000000000000e+00
