-8.664217061176979762e-01 0.000000000000000000e+00 0.000000000000000000e+00 0.000000000000000000e+00 0.000000000000000000e+00
-1.000000000000000000e+00 0.000000000000000000e+00 0.000000000000000000e+00 0.000000000000000000e+00 0.000000000000000000e+00
1.000000000000000000e+00 0.000000000000000000e+00 0.000000000000000000e+00 0.000000000000000000e+00 0.000000000000000000e+00
2.596823632704435281e-01 -8.808481128357675161e+00 0.000000000000000000e+00 0.000000000000000000e+00 0.000000000000000000e+00
1.043738917003342204e+00 -3.056268485663263812e-01 0.000000000000000000e+00 0.000000000000000000e+00 0.000000000000000000e+00
-1.113844051712018057e+00 4.357743089854776430e-01 0.000000000000000000e+00 0.000000000000000000e+00 0.000000000000000000e+00
-1.102078338739274521e+00 -6.459543415373788511e-01 0.000000000000000000e+00 0.000000000000000000e+00 0.000000000000000000e+00
-2.665962552492691540e+00 3.327897156110244392e-01 0.000000000000000000e+00 0.000000000000000000e+00 0.000000000000000000e+00
0.000000000000000000e+00 2.412646970936820345e-01 0.000000000000000000e+00 0.000000000000000000e+00 0.000000000000000000e+00
0.000000000000000000e+00 -1.695485013725909873e+00 0.000000000000000000e+00 0.000000000000000000e+00 0.000000000000000000e+00
0.000000000000000000e+00 -1.000000000000000000e+00 0.000000000000000000e+00 0.000000000000000000e+00 0.000000000000000000e+00
0.000000000000000000e+00 1.000000000000000000e+00 0.000000000000000000e+00 0.000000000000000000e+00 0.000000000000000000e+00
1.561960386066352235e-01 -7.611846521167582758e+00 -7.523354424424946174e+00 0.000000000000000000e+00 0.000000000000000000e+00
-1.049102490294334111e-01 5.533504733947015808e+00 5.499749461813245865e+00 0.000000000000000000e+00 0.000000000000000000e+00
-4.921561731629208736e-01 3.493604129517862145e-01 3.493604129517862145e-01 0.000000000000000000e+00 0.000000000000000000e+00
-0.000000000000000000e+00 1.592680528385108929e-01 1.592680528385108929e-01 0.000000000000000000e+00 0.000000000000000000e+00
-6.794737668944785813e-01 -2.744440527297628551e-01 -2.744440527297628551e-01 0.000000000000000000e+00 0.000000000000000000e+00
-8.972146866176439195e-02 4.092504761936986979e-01 4.092504761936986979e-01 0.000000000000000000e+00 0.000000000000000000e+00
-1.315916840671088328e-01 6.004332218512613562e-01 6.004332218512613562e-01 0.000000000000000000e+00 0.000000000000000000e+00
0.000000000000000000e+00 0.000000000000000000e+00 -8.199664425517116939e-02 0.000000000000000000e+00 0.000000000000000000e+00
0.000000000000000000e+00 0.000000000000000000e+00 1.700433154576521666e+00 0.000000000000000000e+00 0.000000000000000000e+00
0.000000000000000000e+00 0.000000000000000000e+00 1.000000000000000000e+00 0.000000000000000000e+00 0.000000000000000000e+00
0.000000000000000000e+00 0.000000000000000000e+00 1.000000000000000000e+00 0.000000000000000000e+00 0.000000000000000000e+00
3.917402065508258646e-01 -8.457773270027182377e+00 -8.025205392522893888e+00 -8.499383117571891688e+00 0.000000000000000000e+00
0.000000000000000000e+00 -9.522438396788540649e-02 -9.522438396788540649e-02 -9.522438396788540649e-02 0.000000000000000000e+00
7.583815813950309792e-01 -3.036923349794028448e-01 -3.036923349794028448e-01 -3.036923349794028448e-01 0.000000000000000000e+00
-3.275416345736422485e+00 -3.299365296500795797e-01 -3.299365296500795797e-01 -3.299365296500795797e-01 0.000000000000000000e+00
-2.527489985058458011e+00 4.411509869978083032e-01 4.411509869978083032e-01 4.411509869978083032e-01 0.000000000000000000e+00
1.562341884976757633e+00 -6.474163209017184117e-01 -6.474163209017184117e-01 -6.474163209017184117e-01 0.000000000000000000e+00
0.000000000000000000e+00 0.000000000000000000e+00 0.000000000000000000e+00 -2.544924368063963271e-01 0.000000000000000000e+00
0.000000000000000000e+00 0.000000000000000000e+00 0.000000000000000000e+00 -1.909599957634175116e+00 0.000000000000000000e+00
0.000000000000000000e+00 0.000000000000000000e+00 0.000000000000000000e+00 -1.000000000000000000e+00 0.000000000000000000e+00
0.000000000000000000e+00 0.000000000000000000e+00 0.000000000000000000e+00 1.000000000000000000e+00 0.000000000000000000e+00
5.105070258220903434e-02 -6.941978414197476077e-01 -9.487697320777074839e-02 8.819386016528723005e-01 0.000000000000000000e+00
8.461887626132219564e-01 -8.418013421601061808e+00 -8.025705708980986230e+00 -8.466198972532769318e+00 5.081297895587031377e-01
-2.605387750890650889e-01 1.515701512166798492e+00 1.223073810033470821e+00 1.492740337970536402e+00 -4.138634023054343025e+00
-2.931615309722725438e-01 4.806463442444259826e+00 4.311710361387602219e+00 4.091035929159376749e+00 3.413644272103540334e-17
-1.885070417255412245e+00 2.310850226013877184e-01 2.310850226013877184e-01 2.310850226013877184e-01 -1.147935927432785386e+00
4.000486180307767925e-01 -2.261707158987047439e-02 -2.261707158987047439e-02 -2.261707158987047439e-02 1.147935927432784942e+00
-5.212661458859420005e-01 -2.912564575655499644e-01 -2.912564575655499644e-01 -2.912564575655499644e-01 -1.303670355365640798e+00
-2.793456387555966813e+00 -5.275999120578687140e-01 -5.275999120578687140e-01 -5.275999120578687140e-01 -3.005998005608173873e+00
-2.948525363201159433e+00 1.396618588359060942e-01 1.396618588359060942e-01 1.396618588359060942e-01 -3.220611878496425273e+00
1.958830458808463959e+00 -2.085642309452786058e+00 -2.085642309452786058e+00 -2.085642309452786058e+00 6.063561555928174140e-01
0.000000000000000000e+00 0.000000000000000000e+00 0.000000000000000000e+00 0.000000000000000000e+00 -1.405554305981210561e+00
0.000000000000000000e+00 0.000000000000000000e+00 0.000000000000000000e+00 0.000000000000000000e+00 3.161084735980379534e-02
0.000000000000000000e+00 0.000000000000000000e+00 0.000000000000000000e+00 0.000000000000000000e+00 1.000000000000000000e+00
0.000000000000000000e+00 0.000000000000000000e+00 0.000000000000000000e+00 0.000000000000000000e+00 1.000000000000000000e+00
