-1.971841225230643868e+00 0.000000000000000000e+00 0.000000000000000000e+00 0.000000000000000000e+00 0.000000000000000000e+00
-1.000000000000000000e+00 0.000000000000000000e+00 0.000000000000000000e+00 0.000000000000000000e+00 0.000000000000000000e+00
1.000000000000000000e+00 0.000000000000000000e+00 0.000000000000000000e+00 0.000000000000000000e+00 0.000000000000000000e+00
1.006278680998052844e-01 2.623274678284150063e+00 0.000000000000000000e+00 0.000000000000000000e+00 0.000000000000000000e+00
2.140368866024461858e-01 -7.537248930645854550e-01 0.000000000000000000e+00 0.000000000000000000e+00 0.000000000000000000e+00
-5.302706756046268177e-01 -3.584043297204137168e+00 0.000000000000000000e+00 0.000000000000000000e+00 0.000000000000000000e+00
6.254159687224042363e-02 -6.176008611903194279e-02 0.000000000000000000e+00 0.000000000000000000e+00 0.000000000000000000e+00
-2.459391358922492776e-01 3.061354272562739620e-01 0.000000000000000000e+00 0.000000000000000000e+00 0.000000000000000000e+00
0.000000000000000000e+00 -2.534501394439159228e-01 0.000000000000000000e+00 0.000000000000000000e+00 0.000000000000000000e+00
0.000000000000000000e+00 1.125624650787764303e-01 0.000000000000000000e+00 0.000000000000000000e+00 0.000000000000000000e+00
0.000000000000000000e+00 1.000000000000000000e+00 0.000000000000000000e+00 0.000000000000000000e+00 0.000000000000000000e+00
0.000000000000000000e+00 1.000000000000000000e+00 0.000000000000000000e+00 0.000000000000000000e+00 0.000000000000000000e+00
-5.906204343142587576e-02 -4.316717165773042097e+00 -4.355120941477988339e+00 0.000000000000000000e+00 0.000000000000000000e+00
-2.273574321875096796e-02 8.137087773201653107e+00 8.183017705045848800e+00 0.000000000000000000e+00 0.000000000000000000e+00
2.515469637165777539e-01 1.511972904957099129e+00 1.511972904957099129e+00 0.000000000000000000e+00 0.000000000000000000e+00
-0.000000000000000000e+00 4.059094922348510659e-01 4.059094922348510659e-01 0.000000000000000000e+00 0.000000000000000000e+00
5.557611442029571913e-01 2.444079162514412040e+00 2.444079162514412040e+00 0.000000000000000000e+00 0.000000000000000000e+00
-3.731507714437203305e-01 -2.818174588088231403e-01 -2.818174588088231403e-01 0.000000000000000000e+00 0.000000000000000000e+00
-1.605451705331351342e-01 -1.345813061660083576e-01 -1.345813061660083576e-01 0.000000000000000000e+00 0.000000000000000000e+00
0.000000000000000000e+00 0.000000000000000000e+00 6.593596316787668776e-01 0.000000000000000000e+00 0.000000000000000000e+00
0.000000000000000000e+00 0.000000000000000000e+00 1.364781184399488367e-02 0.000000000000000000e+00 0.000000000000000000e+00
0.000000000000000000e+00 0.000000000000000000e+00 1.000000000000000000e+00 0.000000000000000000e+00 0.000000000000000000e+00
0.000000000000000000e+00 0.000000000000000000e+00 1.000000000000000000e+00 0.000000000000000000e+00 0.000000000000000000e+00
7.370006338750424435e-01 8.482132626085080451e-01 5.768465956361694680e-01 8.847710831898785155e-01 0.000000000000000000e+00
0.000000000000000000e+00 -7.013704131584203028e-01 -7.013704131584203028e-01 -7.013704131584203028e-01 0.000000000000000000e+00
7.989825033034605450e-01 -5.259444671085564682e-01 -5.259444671085564682e-01 -5.259444671085564682e-01 0.000000000000000000e+00
9.966629073884183398e-01 -3.093779024376407394e-01 -3.093779024376407394e-01 -3.093779024376407394e-01 0.000000000000000000e+00
5.729436875258292261e+00 -3.743167226294649375e+00 -3.743167226294649375e+00 -3.743167226294649375e+00 0.000000000000000000e+00
-2.094200369549114704e+00 -4.264412670107153858e-02 -4.264412670107153858e-02 -4.264412670107153858e-02 0.000000000000000000e+00
0.000000000000000000e+00 0.000000000000000000e+00 0.000000000000000000e+00 -1.107279905393271147e+00 0.000000000000000000e+00
0.000000000000000000e+00 0.000000000000000000e+00 0.000000000000000000e+00 -1.613044749077876094e+00 0.000000000000000000e+00
0.000000000000000000e+00 0.000000000000000000e+00 0.000000000000000000e+00 -1.000000000000000000e+00 0.000000000000000000e+00
0.000000000000000000e+00 0.000000000000000000e+00 0.000000000000000000e+00 1.000000000000000000e+00 0.000000000000000000e+00
-6.461825423571411486e-03 -1.065382053141047614e+00 -2.607220544214679858e+00 -2.129593189730646152e+00 0.000000000000000000e+00
-1.668536332771923814e-01 7.295738269921610009e-01 2.406963534294628559e-01 8.113143230950530249e-01 6.046124823856063202e+00
4.943139996752927146e-01 1.526514036602679703e-01 1.236767729317008735e-01 -8.654301057998884383e-01 7.673239832850396347e+00
-1.155873018106642891e-01 -8.806966096051827009e+00 -9.140654830671573805e+00 -9.807018955920732139e+00 -1.095821994572226726e-16
3.081942186965329622e+00 -1.440736706115861798e+00 -1.440736706115861798e+00 -1.440736706115861798e+00 1.420326794785277125e+00
-3.568621619424439118e+00 1.265310760065997853e+00 1.265310760065997853e+00 1.265310760065997853e+00 -1.420326794785278013e+00
2.614121766286345849e+00 -3.081237208631670388e+00 -3.081237208631670388e+00 -3.081237208631670388e+00 -2.129412899617555865e+00
-1.954975549966727844e+00 -7.104995779756382746e+00 -7.104995779756382746e+00 -7.104995779756382746e+00 -5.314833221760104642e+00
4.028121264887436936e+00 -5.524671617495580112e-01 -5.524671617495580112e-01 -5.524671617495580112e-01 2.740273089903926262e-01
-2.839938566733176017e+00 1.434407874707861907e+00 1.434407874707861907e+00 1.434407874707861907e+00 -4.438922219286414173e-01
0.000000000000000000e+00 0.000000000000000000e+00 0.000000000000000000e+00 0.000000000000000000e+00 8.175721874091732566e-01
0.000000000000000000e+00 0.000000000000000000e+00 0.000000000000000000e+00 0.000000000000000000e+00 1.308144390222793607e+00
0.000000000000000000e+00 0.000000000000000000e+00 0.000000000000000000e+00 0.000000000000000000e+00 1.000000000000000000e+00
0.000000000000000000e+00 0.000000000000000000e+00 0.000000000000000000e+00 0.000000000000000000e+00 1.000000000000000000e+00
