-6.223850590782902259e-01 0.000000000000000000e+00 0.000000000000000000e+00 0.000000000000000000e+00 0.000000000000000000e+00
-1.000000000000000000e+00 0.000000000000000000e+00 0.000000000000000000e+00 0.000000000000000000e+00 0.000000000000000000e+00
1.000000000000000000e+00 0.000000000000000000e+00 0.000000000000000000e+00 0.000000000000000000e+00 0.000000000000000000e+00
-3.693072884352122109e-02 -8.605426153890443075e+00 0.000000000000000000e+00 0.000000000000000000e+00 0.000000000000000000e+00
-1.385041442868661932e-03 -1.651449236104053364e-01 0.000000000000000000e+00 0.000000000000000000e+00 0.000000000000000000e+00
1.017202569781557209e+00 2.023828943230348565e-01 0.000000000000000000e+00 0.000000000000000000e+00 0.000000000000000000e+00
4.564439390467193713e-01 -1.582014091538325617e+00 0.000000000000000000e+00 0.000000000000000000e+00 0.000000000000000000e+00
-1.013590211255579465e+00 8.860138820807126336e-01 0.000000000000000000e+00 0.000000000000000000e+00 0.000000000000000000e+00
0.000000000000000000e+00 8.935210389442791445e-01 0.000000000000000000e+00 0.000000000000000000e+00 0.000000000000000000e+00
0.000000000000000000e+00 -8.132075621978556157e-01 0.000000000000000000e+00 0.000000000000000000e+00 0.000000000000000000e+00
0.000000000000000000e+00 -1.000000000000000000e+00 0.000000000000000000e+00 0.000000000000000000e+00 0.000000000000000000e+00
0.000000000000000000e+00 1.000000000000000000e+00 0.000000000000000000e+00 0.000000000000000000e+00 0.000000000000000000e+00
2.103689451202324714e-02 -9.771548815042723213e-01 -1.260159096570595327e+00 0.000000000000000000e+00 0.000000000000000000e+00
-5.492899629374786707e-02 -9.524653862412820970e+00 -9.548799065190181068e+00 0.000000000000000000e+00 0.000000000000000000e+00
1.982364353175251545e-02 -7.164178847868669930e-02 -7.164178847868669930e-02 0.000000000000000000e+00 0.000000000000000000e+00
0.000000000000000000e+00 1.946830216231051347e+00 1.946830216231051347e+00 0.000000000000000000e+00 0.000000000000000000e+00
2.480981667769666943e-01 3.598889212882437905e-01 3.598889212882437905e-01 0.000000000000000000e+00 0.000000000000000000e+00
1.886851692110236067e+00 -1.780784603558349222e+00 -1.780784603558349222e+00 0.000000000000000000e+00 0.000000000000000000e+00
-4.977647425065139797e-01 3.414606577559152756e-01 3.414606577559152756e-01 0.000000000000000000e+00 0.000000000000000000e+00
0.000000000000000000e+00 0.000000000000000000e+00 1.053309177286771536e+00 0.000000000000000000e+00 0.000000000000000000e+00
0.000000000000000000e+00 0.000000000000000000e+00 4.477854064556376912e-01 0.000000000000000000e+00 0.000000000000000000e+00
0.000000000000000000e+00 0.000000000000000000e+00 1.000000000000000000e+00 0.000000000000000000e+00 0.000000000000000000e+00
0.000000000000000000e+00 0.000000000000000000e+00 1.000000000000000000e+00 0.000000000000000000e+00 0.000000000000000000e+00
1.529926679581631033e-01 7.882722029208500736e+00 7.257654592537667426e+00 6.740952236979050660e+00 0.000000000000000000e+00
0.000000000000000000e+00 1.051097501602827666e+00 1.051097501602827666e+00 1.051097501602827666e+00 0.000000000000000000e+00
-2.024285298898352181e+00 1.931185667243972282e-01 1.931185667243972282e-01 1.931185667243972282e-01 0.000000000000000000e+00
3.256478323508654960e+00 -1.330093128939718206e+00 -1.330093128939718206e+00 -1.330093128939718206e+00 0.000000000000000000e+00
1.989326398174130262e+00 -2.951433273806730942e-02 -2.951433273806730942e-02 -2.951433273806730942e-02 0.000000000000000000e+00
1.968254087648784179e+00 1.232331714033571224e+00 1.232331714033571224e+00 1.232331714033571224e+00 0.000000000000000000e+00
0.000000000000000000e+00 0.000000000000000000e+00 0.000000000000000000e+00 -8.957327146282230146e-01 0.000000000000000000e+00
0.000000000000000000e+00 0.000000000000000000e+00 0.000000000000000000e+00 -1.546914142010378690e+00 0.000000000000000000e+00
0.000000000000000000e+00 0.000000000000000000e+00 0.000000000000000000e+00 -1.000000000000000000e+00 0.000000000000000000e+00
0.000000000000000000e+00 0.000000000000000000e+00 0.000000000000000000e+00 1.000000000000000000e+00 0.000000000000000000e+00
-9.986956577347203858e-04 7.000190895777028688e-01 1.373708038390132558e+00 1.530950484103389631e+00 0.000000000000000000e+00
-4.984030598973344106e-01 6.761834322595635882e+00 5.756602247244629211e+00 4.770447185871136142e+00 -4.437071161395726548e+00
-2.873855175680782303e-01 -4.551688609002444430e+00 -4.163089059022120786e+00 -4.012241507276628205e+00 -5.443432250476800682e+00
1.841469044562918378e-02 7.483555460974534057e+00 7.425593653321616472e+00 7.209748050479591441e+00 9.292811327462948028e-17
1.780439686880149086e+00 -2.646392989589462452e+00 -2.646392989589462452e+00 -2.646392989589462452e+00 -1.863330594642343296e+00
-1.569380569423474370e+00 3.504371924467893695e+00 3.504371924467893695e+00 3.504371924467893695e+00 1.863330594642343963e+00
-3.097694414841828614e+00 7.275375568022941497e-01 7.275375568022941497e-01 7.275375568022941497e-01 1.268721324588112598e+00
3.814204474615107365e+00 1.113831045816161991e+00 1.113831045816161991e+00 1.113831045816161991e+00 1.026569973620436560e+00
1.214730383932209890e+00 2.054938790965939788e+00 2.054938790965939788e+00 2.054938790965939788e+00 7.658525635981197066e-01
-6.875072951985388148e-01 -1.169262303423997729e+00 -1.169262303423997729e+00 -1.169262303423997729e+00 4.820601890803080103e-01
0.000000000000000000e+00 0.000000000000000000e+00 0.000000000000000000e+00 0.000000000000000000e+00 -8.366892953732376625e-01
0.000000000000000000e+00 0.000000000000000000e+00 0.000000000000000000e+00 0.000000000000000000e+00 1.170557238292489366e+00
0.000000000000000000e+00 0.000000000000000000e+00 0.000000000000000000e+00 0.000000000000000000e+00 1.000000000000000000e+00
0.000000000000000000e+00 0.000000000000000000e+00 0.000000000000000000e+00 0.000000000000000000e+00 1.000000000000000000e+00
