-1.444005081001309421e-01 0.000000000000000000e+00 0.000000000000000000e+00 0.000000000000000000e+00 0.000000000000000000e+00
-1.000000000000000000e+00 0.000000000000000000e+00 0.000000000000000000e+00 0.000000000000000000e+00 0.000000000000000000e+00
1.000000000000000000e+00 0.000000000000000000e+00 0.000000000000000000e+00 0.000000000000000000e+00 0.000000000000000000e+00
-6.446096374592842973e-03 -4.036280440451288420e+00 0.000000000000000000e+00 0.000000000000000000e+00 0.000000000000000000e+00
-2.446094076920090621e-01 -7.815419832527406921e-03 0.000000000000000000e+00 0.000000000000000000e+00 0.000000000000000000e+00
4.522133543553245177e-02 -1.380080376919880052e-02 0.000000000000000000e+00 0.000000000000000000e+00 0.000000000000000000e+00
-5.748917347360401608e-01 -8.850126459106794075e-02 0.000000000000000000e+00 0.000000000000000000e+00 0.000000000000000000e+00
3.768628871545498527e-01 1.962001636985102326e-01 0.000000000000000000e+00 0.000000000000000000e+00 0.000000000000000000e+00
0.000000000000000000e+00 -5.799151151839092577e-01 0.000000000000000000e+00 0.000000000000000000e+00 0.000000000000000000e+00
0.000000000000000000e+00 6.075246257715081200e-01 0.000000000000000000e+00 0.000000000000000000e+00 0.000000000000000000e+00
0.000000000000000000e+00 1.000000000000000000e+00 0.000000000000000000e+00 0.000000000000000000e+00 0.000000000000000000e+00
0.000000000000000000e+00 1.000000000000000000e+00 0.000000000000000000e+00 0.000000000000000000e+00 0.000000000000000000e+00
1.765953208264578467e-02 6.343780315804805170e+00 6.285791534466323327e+00 0.000000000000000000e+00 0.000000000000000000e+00
-2.223868282017886847e-02 -7.546404965416386723e+00 -7.418210462595918209e+00 0.000000000000000000e+00 0.000000000000000000e+00
-4.973110921955239960e-02 1.036329127374144288e-02 1.036329127374144288e-02 0.000000000000000000e+00 0.000000000000000000e+00
-0.000000000000000000e+00 -8.936239997671074908e-01 -8.936239997671074908e-01 0.000000000000000000e+00 0.000000000000000000e+00
-2.038039179916107668e-01 2.279058843680987091e-03 2.279058843680987091e-03 0.000000000000000000e+00 0.000000000000000000e+00
-5.966117926899046076e-01 -1.602973684782945940e-01 -1.602973684782945940e-01 0.000000000000000000e+00 0.000000000000000000e+00
-6.732620131637462313e-01 -1.436375011216578790e-01 -1.436375011216578790e-01 0.000000000000000000e+00 0.000000000000000000e+00
0.000000000000000000e+00 0.000000000000000000e+00 -3.137088845831983441e-01 0.000000000000000000e+00 0.000000000000000000e+00
0.000000000000000000e+00 0.000000000000000000e+00 -2.861769876733242235e-01 0.000000000000000000e+00 0.000000000000000000e+00
0.000000000000000000e+00 0.000000000000000000e+00 -1.000000000000000000e+00 0.000000000000000000e+00 0.000000000000000000e+00
0.000000000000000000e+00 0.000000000000000000e+00 1.000000000000000000e+00 0.000000000000000000e+00 0.000000000000000000e+00
2.699735007981320795e-02 9.945018740431612159e+00 9.567551925697502568e+00 9.640647716140419377e+00 0.000000000000000000e+00
-0.000000000000000000e+00 -1.927520188129501655e+00 -1.927520188129501655e+00 -1.927520188129501655e+00 0.000000000000000000e+00
-1.556271217829961750e-01 3.219124149280896529e-03 3.219124149280896529e-03 3.219124149280896529e-03 0.000000000000000000e+00
1.166473067823020626e+00 -3.364250228469334303e-02 -3.364250228469334303e-02 -3.364250228469334303e-02 0.000000000000000000e+00
4.013109906238302438e-01 1.983265721371316528e-02 1.983265721371316528e-02 1.983265721371316528e-02 0.000000000000000000e+00
2.136100066751315030e+00 2.125915334851433969e-01 2.125915334851433969e-01 2.125915334851433969e-01 0.000000000000000000e+00
0.000000000000000000e+00 0.000000000000000000e+00 0.000000000000000000e+00 -1.033896188362394053e+00 0.000000000000000000e+00
0.000000000000000000e+00 0.000000000000000000e+00 0.000000000000000000e+00 8.976756505720988599e-01 0.000000000000000000e+00
0.000000000000000000e+00 0.000000000000000000e+00 0.000000000000000000e+00 1.000000000000000000e+00 0.000000000000000000e+00
0.000000000000000000e+00 0.000000000000000000e+00 0.000000000000000000e+00 1.000000000000000000e+00 0.000000000000000000e+00
-9.320104666692800854e-04 -1.870920074332818595e-01 1.212837360819604360e+00 2.783582248391615055e-01 0.000000000000000000e+00
8.623542031465884772e-02 8.926786098706987360e+00 8.162003195792767229e+00 8.192109495044888945e+00 5.945907831563843615e-01
-2.533443378920571809e-01 4.168634023786475851e+00 4.511743522602655432e+00 4.256862334504585732e+00 -1.131508782199214913e+00
-1.523075076856920951e-02 1.147689972502802469e+00 1.176154230172575588e+00 8.559714209285521624e-01 -3.204857352542584102e-18
-6.787835455265261997e-01 1.113492541681749826e+00 1.113492541681749826e+00 1.113492541681749826e+00 5.880789102405654667e-01
6.191736396643229279e-01 -3.044231853960532419e+00 -3.044231853960532419e+00 -3.044231853960532419e+00 -5.880789102405654667e-01
1.492771293275826139e+00 -3.119957412301791952e-02 -3.119957412301791952e-02 -3.119957412301791952e-02 -1.778010502753226918e+00
2.480299370579503448e-01 -8.717321805139316426e-01 -8.717321805139316426e-01 -8.717321805139316426e-01 -9.090742031474424723e-01
-6.949000788262822415e-01 2.472314868199474436e+00 2.472314868199474436e+00 2.472314868199474436e+00 4.732854498314824632e-01
1.707012065944266244e+00 -7.753335224198734110e-01 -7.753335224198734110e-01 -7.753335224198734110e-01 -1.910287584833748387e+00
0.000000000000000000e+00 0.000000000000000000e+00 0.000000000000000000e+00 0.000000000000000000e+00 -1.963088144212107089e+00
0.000000000000000000e+00 0.000000000000000000e+00 0.000000000000000000e+00 0.000000000000000000e+00 -1.524945824443907139e+00
0.000000000000000000e+00 0.000000000000000000e+00 0.000000000000000000e+00 0.000000000000000000e+00 -1.000000000000000000e+00
0.000000000000000000e+00 0.000000000000000000e+00 0.000000000000000000e+00 0.000000000000000000e+00 1.000000000000000000e+00
