-1.062118133906343243e+00 0.000000000000000000e+00 0.000000000000000000e+00 0.000000000000000000e+00 0.000000000000000000e+00
-1.000000000000000000e+00 0.000000000000000000e+00 0.000000000000000000e+00 0.000000000000000000e+00 0.000000000000000000e+00
1.000000000000000000e+00 0.000000000000000000e+00 0.000000000000000000e+00 0.000000000000000000e+00 0.000000000000000000e+00
-3.509654599868250457e-01 4.106215484724786258e+00 0.000000000000000000e+00 0.000000000000000000e+00 0.000000000000000000e+00
3.369343255048641850e-01 -4.157753212183301073e-01 0.000000000000000000e+00 0.000000000000000000e+00 0.000000000000000000e+00
1.773689188565682695e+00 -7.623133876534953224e-01 0.000000000000000000e+00 0.000000000000000000e+00 0.000000000000000000e+00
6.812864927081103694e-01 2.047327025534241007e-01 0.000000000000000000e+00 0.000000000000000000e+00 0.000000000000000000e+00
8.098154791696903221e-01 -4.654297454991799254e-01 0.000000000000000000e+00 0.000000000000000000e+00 0.000000000000000000e+00
0.000000000000000000e+00 4.669523010358784809e-01 0.000000000000000000e+00 0.000000000000000000e+00 0.000000000000000000e+00
0.000000000000000000e+00 -9.745195433958815379e-01 0.000000000000000000e+00 0.000000000000000000e+00 0.000000000000000000e+00
0.000000000000000000e+00 -1.000000000000000000e+00 0.000000000000000000e+00 0.000000000000000000e+00 0.000000000000000000e+00
0.000000000000000000e+00 1.000000000000000000e+00 0.000000000000000000e+00 0.000000000000000000e+00 0.000000000000000000e+00
8.770972951347895119e-01 1.984209258956953104e+00 1.477712201447978213e+00 0.000000000000000000e+00 0.000000000000000000e+00
3.262788289032967359e-01 9.383207346581309949e+00 9.707765167126801487e+00 0.000000000000000000e+00 0.000000000000000000e+00
6.724170339915098715e-01 -1.897971901448508580e-01 -1.897971901448508580e-01 0.000000000000000000e+00 0.000000000000000000e+00
0.000000000000000000e+00 4.783617518208153618e-01 4.783617518208153618e-01 0.000000000000000000e+00 0.000000000000000000e+00
-3.675461080236807287e+00 1.062311761388834652e+00 1.062311761388834652e+00 0.000000000000000000e+00 0.000000000000000000e+00
1.600503364008743490e-01 5.010011289346327779e-01 5.010011289346327779e-01 0.000000000000000000e+00 0.000000000000000000e+00
3.725028261281098541e+00 -8.682278673529997270e-02 -8.682278673529997270e-02 0.000000000000000000e+00 0.000000000000000000e+00
0.000000000000000000e+00 0.000000000000000000e+00 1.140945078493693643e-02 0.000000000000000000e+00 0.000000000000000000e+00
0.000000000000000000e+00 0.000000000000000000e+00 -9.484081292520372131e-01 0.000000000000000000e+00 0.000000000000000000e+00
0.000000000000000000e+00 0.000000000000000000e+00 -1.000000000000000000e+00 0.000000000000000000e+00 0.000000000000000000e+00
0.000000000000000000e+00 0.000000000000000000e+00 1.000000000000000000e+00 0.000000000000000000e+00 0.000000000000000000e+00
5.414162934127384474e-01 1.003151329953417736e+01 9.974777443911269970e+00 1.032343247348502047e+01 0.000000000000000000e+00
0.000000000000000000e+00 1.444636796826380021e+00 1.444636796826380021e+00 1.444636796826380021e+00 0.000000000000000000e+00
-1.304815255656113504e-01 -1.393808146824032923e-01 -1.393808146824032923e-01 -1.393808146824032923e-01 0.000000000000000000e+00
1.793125724865080040e+00 6.331621955411059766e-02 6.331621955411059766e-02 6.331621955411059766e-02 0.000000000000000000e+00
-3.028220701997880404e+00 1.093110299067046709e+00 1.093110299067046709e+00 1.093110299067046709e+00 0.000000000000000000e+00
-1.681006654930073951e+00 5.045110344002755598e-01 5.045110344002755598e-01 5.045110344002755598e-01 0.000000000000000000e+00
0.000000000000000000e+00 0.000000000000000000e+00 0.000000000000000000e+00 9.662750450055650475e-01 0.000000000000000000e+00
0.000000000000000000e+00 0.000000000000000000e+00 0.000000000000000000e+00 5.127880188633668901e-01 0.000000000000000000e+00
0.000000000000000000e+00 0.000000000000000000e+00 0.000000000000000000e+00 1.000000000000000000e+00 0.000000000000000000e+00
0.000000000000000000e+00 0.000000000000000000e+00 0.000000000000000000e+00 1.000000000000000000e+00 0.000000000000000000e+00
2.106863658250978377e-01 1.512684579301272647e+00 -2.810505581024821953e-02 -2.841669724161994259e-01 0.000000000000000000e+00
7.664917842945522253e-01 6.813205787496935173e+00 7.209919090943799347e+00 7.714375194152988335e+00 -1.631807209866451558e-01
-4.435182825283969787e-01 -7.737555857212147004e+00 -6.984819920289317530e+00 -6.739611020103430050e+00 1.787280939957403447e+00
3.647997052473733737e-01 -3.064914317143648814e-01 -6.745791784396217849e-01 -9.582023827837451435e-01 2.096116329378612835e-16
5.395220135191778343e-01 2.974595763584501285e+00 2.974595763584501285e+00 2.974595763584501285e+00 -9.140915947632138883e-01
-9.175090980862476986e-01 -1.390578152075717444e+00 -1.390578152075717444e+00 -1.390578152075717444e+00 9.140915947632142213e-01
-2.320523141098166597e+00 8.820889679937995997e-02 8.820889679937995997e-02 8.820889679937995997e-02 2.220695453057980995e+00
1.362807108140021706e+00 2.866311492713015774e+00 2.866311492713015774e+00 2.866311492713015774e+00 -8.256674239330552556e-01
-3.656699241108512854e+00 1.824598316552907162e+00 1.824598316552907162e+00 1.824598316552907162e+00 3.364956104252592617e+00
6.333581411254682880e-01 1.627282475689870722e+00 1.627282475689870722e+00 1.627282475689870722e+00 -6.326675649827780967e-01
0.000000000000000000e+00 0.000000000000000000e+00 0.000000000000000000e+00 0.000000000000000000e+00 1.902687399809543489e+00
0.000000000000000000e+00 0.000000000000000000e+00 0.000000000000000000e+00 0.000000000000000000e+00 -1.720794353912048713e+00
0.000000000000000000e+00 0.000000000000000000e+00 0.000000000000000000e+00 0.000000000000000000e+00 -1.000000000000000000e+00
0.000000000000000000e+00 0.000000000000000000e+00 0.000000000000000000e+00 0.000000000000000000e+00 1.000000000000000000e+00
