-1.453738809679912425e+00 0.000000000000000000e+00 0.000000000000000000e+00 0.000000000000000000e+00 0.000000000000000000e+00
-1.000000000000000000e+00 0.000000000000000000e+00 0.000000000000000000e+00 0.000000000000000000e+00 0.000000000000000000e+00
1.000000000000000000e+00 0.000000000000000000e+00 0.000000000000000000e+00 0.000000000000000000e+00 0.000000000000000000e+00
3.789098292536076107e-01 -4.832866935432715394e+00 0.000000000000000000e+00 0.000000000000000000e+00 0.000000000000000000e+00
3.824647117620891823e-01 9.317539930897706935e-01 0.000000000000000000e+00 0.000000000000000000e+00 0.000000000000000000e+00
-1.837878478113712077e+00 -9.968017830464613871e-01 0.000000000000000000e+00 0.000000000000000000e+00 0.000000000000000000e+00
7.337356590988429739e-01 -4.399794648675526276e-01 0.000000000000000000e+00 0.000000000000000000e+00 0.000000000000000000e+00
1.106750352401675297e-02 -7.343171045977949785e-01 0.000000000000000000e+00 0.000000000000000000e+00 0.000000000000000000e+00
0.000000000000000000e+00 3.866126495287405263e-01 0.000000000000000000e+00 0.000000000000000000e+00 0.000000000000000000e+00
0.000000000000000000e+00 7.897566798160942092e-01 0.000000000000000000e+00 0.000000000000000000e+00 0.000000000000000000e+00
0.000000000000000000e+00 1.000000000000000000e+00 0.000000000000000000e+00 0.000000000000000000e+00 0.000000000000000000e+00
0.000000000000000000e+00 1.000000000000000000e+00 0.000000000000000000e+00 0.000000000000000000e+00 0.000000000000000000e+00
-3.407833715964834198e-01 9.562219623061654517e+00 9.406843249413476826e+00 0.000000000000000000e+00 0.000000000000000000e+00
1.339773333313759363e+00 3.596939030684342953e-01 7.924621711890047493e-01 0.000000000000000000e+00 0.000000000000000000e+00
-8.754035617629631894e-01 -9.190372557568226436e-03 -9.190372557568226436e-03 0.000000000000000000e+00 0.000000000000000000e+00
-0.000000000000000000e+00 -1.519548559073232052e+00 -1.519548559073232052e+00 0.000000000000000000e+00 0.000000000000000000e+00
-4.448950351093433397e+00 -2.113276592746095695e+00 -2.113276592746095695e+00 0.000000000000000000e+00 0.000000000000000000e+00
2.356043362750709580e+00 3.722701664836680635e-03 3.722701664836680635e-03 0.000000000000000000e+00 0.000000000000000000e+00
-1.509316987091435136e+00 -8.560313552098085532e-01 -8.560313552098085532e-01 0.000000000000000000e+00 0.000000000000000000e+00
0.000000000000000000e+00 0.000000000000000000e+00 -1.906161208601972135e+00 0.000000000000000000e+00 0.000000000000000000e+00
0.000000000000000000e+00 0.000000000000000000e+00 7.430373187045056227e-01 0.000000000000000000e+00 0.000000000000000000e+00
0.000000000000000000e+00 0.000000000000000000e+00 1.000000000000000000e+00 0.000000000000000000e+00 0.000000000000000000e+00
0.000000000000000000e+00 0.000000000000000000e+00 1.000000000000000000e+00 0.000000000000000000e+00 0.000000000000000000e+00
5.558843470398985298e-01 5.741002040761689074e+00 6.212053105938606379e+00 6.621806594446791649e+00 0.000000000000000000e+00
-0.000000000000000000e+00 -3.509396559912728364e+00 -3.509396559912728364e+00 -3.509396559912728364e+00 0.000000000000000000e+00
1.199926507439551315e+00 1.014139741664626282e+00 1.014139741664626282e+00 1.014139741664626282e+00 0.000000000000000000e+00
-2.108240868936619439e+00 -6.850666833761641650e-01 -6.850666833761641650e-01 -6.850666833761641650e-01 0.000000000000000000e+00
-6.092527893079258128e-02 -5.935976303399060905e-01 -5.935976303399060905e-01 -5.935976303399060905e-01 0.000000000000000000e+00
3.038897065762461214e+00 5.133100222458245598e-01 5.133100222458245598e-01 5.133100222458245598e-01 0.000000000000000000e+00
0.000000000000000000e+00 0.000000000000000000e+00 0.000000000000000000e+00 -1.989848000839496311e+00 0.000000000000000000e+00
0.000000000000000000e+00 0.000000000000000000e+00 0.000000000000000000e+00 -4.521551806923800321e-01 0.000000000000000000e+00
0.000000000000000000e+00 0.000000000000000000e+00 0.000000000000000000e+00 -1.000000000000000000e+00 0.000000000000000000e+00
0.000000000000000000e+00 0.000000000000000000e+00 0.000000000000000000e+00 1.000000000000000000e+00 0.000000000000000000e+00
-3.030222078843456956e-01 3.943434762285501272e+00 2.558519297876657106e+00 1.323384518063006610e+00 0.000000000000000000e+00
-1.201382079971274441e+00 1.020308752006330755e+00 5.407175558508795499e-01 1.148708539636776743e-01 6.033784926080328681e+00
-8.055386547220329263e-02 4.840946506542985972e+00 5.074512984963186035e+00 5.709183112801709647e+00 9.227820268578320606e-01
-1.731465386034800602e+00 4.893572203880001581e+00 4.797053454039923004e+00 5.084440270031393538e+00 -1.900127109411550984e-16
-1.258672124105489232e+00 -1.654461097407525560e+00 -1.654461097407525560e+00 -1.654461097407525560e+00 -1.242877164328919370e+00
-7.972938331318074612e-01 -2.869075204169829973e+00 -2.869075204169829973e+00 -2.869075204169829973e+00 1.242877164328918704e+00
1.743486561018198877e+00 2.751549980383480865e+00 2.751549980383480865e+00 2.751549980383480865e+00 5.034441677632554013e-01
-7.192069965142530164e-01 -2.439062749132781427e+00 -2.439062749132781427e+00 -2.439062749132781427e+00 -4.216206322407624052e-01
7.844388915641774540e-01 -1.958540263394602743e+00 -1.958540263394602743e+00 -1.958540263394602743e+00 4.639591951848386131e+00
9.753435358187068083e-01 4.152591047120315793e+00 4.152591047120315793e+00 4.152591047120315793e+00 -2.353022657568413667e+00
0.000000000000000000e+00 0.000000000000000000e+00 0.000000000000000000e+00 0.000000000000000000e+00 1.247338905047908675e+00
0.000000000000000000e+00 0.000000000000000000e+00 0.000000000000000000e+00 0.000000000000000000e+00 1.493402671457411124e+00
0.000000000000000000e+00 0.000000000000000000e+00 0.000000000000000000e+00 0.000000000000000000e+00 1.000000000000000000e+00
0.000000000000000000e+00 0.000000000000000000e+00 0.000000000000000000e+00 0.000000000000000000e+00 1.000000000000000000e+00
