-4.150918440367266093e-01 0.000000000000000000e+00 0.000000000000000000e+00 0.000000000000000000e+00 0.000000000000000000e+00
-1.000000000000000000e+00 0.000000000000000000e+00 0.000000000000000000e+00 0.000000000000000000e+00 0.000000000000000000e+00
1.000000000000000000e+00 0.000000000000000000e+00 0.000000000000000000e+00 0.000000000000000000e+00 0.000000000000000000e+00
1.291960167678247728e-01 -5.822942852253766510e+00 0.000000000000000000e+00 0.000000000000000000e+00 0.000000000000000000e+00
7.626288751356365969e-01 -8.229070869902803398e-02 0.000000000000000000e+00 0.000000000000000000e+00 0.000000000000000000e+00
-1.134561511509013743e+00 -5.099680385369383118e-02 0.000000000000000000e+00 0.000000000000000000e+00 0.000000000000000000e+00
1.009890772294026684e+00 7.028100811350387334e-01 0.000000000000000000e+00 0.000000000000000000e+00 0.000000000000000000e+00
-1.370445973422392827e+00 -9.535469926459680945e-01 0.000000000000000000e+00 0.000000000000000000e+00 0.000000000000000000e+00
0.000000000000000000e+00 1.702351759672516174e+00 0.000000000000000000e+00 0.000000000000000000e+00 0.000000000000000000e+00
0.000000000000000000e+00 1.249488966696032932e-02 0.000000000000000000e+00 0.000000000000000000e+00 0.000000000000000000e+00
0.000000000000000000e+00 1.000000000000000000e+00 0.000000000000000000e+00 0.000000000000000000e+00 0.000000000000000000e+00
0.000000000000000000e+00 1.000000000000000000e+00 0.000000000000000000e+00 0.000000000000000000e+00 0.000000000000000000e+00
4.123853427920632364e-01 -8.454191577699059934e+00 -8.573902257038717778e+00 0.000000000000000000e+00 0.000000000000000000e+00
2.793055722417586151e-01 -3.886621418555292085e+00 -3.798213205565632578e+00 0.000000000000000000e+00 0.000000000000000000e+00
8.470366491903931205e-01 -6.102753833902377356e-02 -6.102753833902377356e-02 0.000000000000000000e+00 0.000000000000000000e+00
-0.000000000000000000e+00 9.686373415323540348e-01 9.686373415323540348e-01 0.000000000000000000e+00 0.000000000000000000e+00
-1.164539682405201892e+00 -1.216152754104566358e-01 -1.216152754104566358e-01 0.000000000000000000e+00 0.000000000000000000e+00
8.666191690754110333e-02 4.543007942248912245e-01 4.543007942248912245e-01 0.000000000000000000e+00 0.000000000000000000e+00
-1.012849791521662768e+00 -1.093985678926302496e+00 -1.093985678926302496e+00 0.000000000000000000e+00 0.000000000000000000e+00
0.000000000000000000e+00 0.000000000000000000e+00 -7.337144181401620280e-01 0.000000000000000000e+00 0.000000000000000000e+00
0.000000000000000000e+00 0.000000000000000000e+00 5.428517912350998564e-01 0.000000000000000000e+00 0.000000000000000000e+00
0.000000000000000000e+00 0.000000000000000000e+00 1.000000000000000000e+00 0.000000000000000000e+00 0.000000000000000000e+00
0.000000000000000000e+00 0.000000000000000000e+00 1.000000000000000000e+00 0.000000000000000000e+00 0.000000000000000000e+00
-5.023975640856020997e-01 3.008894471907162416e+00 2.124327909387709212e+00 1.298742785747655670e+00 0.000000000000000000e+00
-0.000000000000000000e+00 6.786035736679325581e-01 6.786035736679325581e-01 6.786035736679325581e-01 0.000000000000000000e+00
2.701540370775596389e-01 2.110130243776291506e-02 2.110130243776291506e-02 2.110130243776291506e-02 0.000000000000000000e+00
1.432261402157767094e+00 1.175509627435096460e+00 1.175509627435096460e+00 1.175509627435096460e+00 0.000000000000000000e+00
-2.286045053630203050e+00 -1.670528571972521859e-01 -1.670528571972521859e-01 -1.670528571972521859e-01 0.000000000000000000e+00
6.018181086944124125e+00 -1.461882113462336097e-01 -1.461882113462336097e-01 -1.461882113462336097e-01 0.000000000000000000e+00
0.000000000000000000e+00 0.000000000000000000e+00 0.000000000000000000e+00 -2.900337678644215877e-01 0.000000000000000000e+00
0.000000000000000000e+00 0.000000000000000000e+00 0.000000000000000000e+00 1.924357477463113586e+00 0.000000000000000000e+00
0.000000000000000000e+00 0.000000000000000000e+00 0.000000000000000000e+00 1.000000000000000000e+00 0.000000000000000000e+00
0.000000000000000000e+00 0.000000000000000000e+00 0.000000000000000000e+00 1.000000000000000000e+00 0.000000000000000000e+00
3.527096430577848039e-06 -1.510312224998915098e-01 9.334962882604680434e-01 2.076586046083638504e+00 0.000000000000000000e+00
1.423087132086805484e+00 -1.609458581559779944e+00 -6.548308577669968988e-01 3.364806614958056052e-02 9.140968203125522606e+00
4.081796325165654715e-01 2.667547411526906220e+00 1.797967313772909304e+00 8.709790698359496375e-01 2.679767969122962779e+00
-3.056713658159600569e-02 1.020129817383010007e+01 9.810832199824940147e+00 9.668959559732025255e+00 1.440877905088152471e-17
3.391615311593533910e+00 -1.703057643170436286e+00 -1.703057643170436286e+00 -1.703057643170436286e+00 -2.461200589896137547e+00
-2.477204501425822603e+00 2.360559914400605752e+00 2.360559914400605752e+00 2.360559914400605752e+00 2.461200589896137547e+00
-3.787683217786339096e+00 -6.291164960797145378e-01 -6.291164960797145378e-01 -6.291164960797145378e-01 2.384222017611587197e-01
3.543641138044344885e+00 5.301871184939293435e+00 5.301871184939293435e+00 5.301871184939293435e+00 3.961665803460938218e+00
-3.311862598256404056e+00 -1.811895134965670007e+00 -1.811895134965670007e+00 -1.811895134965670007e+00 -8.879144751397511914e-01
-1.886690545990127976e+00 1.726987977610600522e+00 1.726987977610600522e+00 1.726987977610600522e+00 7.021366915274445120e-01
0.000000000000000000e+00 0.000000000000000000e+00 0.000000000000000000e+00 0.000000000000000000e+00 1.406047024776264198e+00
0.000000000000000000e+00 0.000000000000000000e+00 0.000000000000000000e+00 0.000000000000000000e+00 -1.578509875607949642e+00
0.000000000000000000e+00 0.000000000000000000e+00 0.000000000000000000e+00 0.000000000000000000e+00 -1.000000000000000000e+00
0.000000000000000000e+00 0.000000000000000000e+00 0.000000000000000000e+00 0.000000000000000000e+00 1.000000000000000000e+00
