1.117429335598443707e+00 0.000000000000000000e+00 0.000000000000000000e+00 0.000000000000000000e+00 0.000000000000000000e+00
1.000000000000000000e+00 0.000000000000000000e+00 0.000000000000000000e+00 0.000000000000000000e+00 0.000000000000000000e+00
1.000000000000000000e+00 0.000000000000000000e+00 0.000000000000000000e+00 0.000000000000000000e+00 0.000000000000000000e+00
-3.770978344130369170e-02 -7.570796710702072829e+00 0.000000000000000000e+00 0.000000000000000000e+00 0.000000000000000000e+00
2.303114297217389028e-01 -6.152208102624837638e-01 0.000000000000000000e+00 0.000000000000000000e+00 0.000000000000000000e+00
7.331623029281609805e-01 2.124524550540920487e-01 0.000000000000000000e+00 0.000000000000000000e+00 0.000000000000000000e+00
-1.575957013363391557e+00 -7.381622234595569543e-01 0.000000000000000000e+00 0.000000000000000000e+00 0.000000000000000000e+00
8.982170035180390144e-01 6.216309907682218139e-01 0.000000000000000000e+00 0.000000000000000000e+00 0.000000000000000000e+00
0.000000000000000000e+00 -1.784035464386277248e+00 0.000000000000000000e+00 0.000000000000000000e+00 0.000000000000000000e+00
0.000000000000000000e+00 5.728029932656473200e-01 0.000000000000000000e+00 0.000000000000000000e+00 0.000000000000000000e+00
0.000000000000000000e+00 1.000000000000000000e+00 0.000000000000000000e+00 0.000000000000000000e+00 0.000000000000000000e+00
0.000000000000000000e+00 1.000000000000000000e+00 0.000000000000000000e+00 0.000000000000000000e+00 0.000000000000000000e+00
-2.080896014020574836e-01 4.804793831546499305e+00 4.579027534408234068e+00 0.000000000000000000e+00 0.000000000000000000e+00
3.848095756541831114e-01 -9.211251167328942557e+00 -8.966418638384466178e+00 0.000000000000000000e+00 0.000000000000000000e+00
-1.259439448128939709e+00 5.284015996418827132e-01 5.284015996418827132e-01 0.000000000000000000e+00 0.000000000000000000e+00
-0.000000000000000000e+00 -3.378062134631246716e-01 -3.378062134631246716e-01 0.000000000000000000e+00 0.000000000000000000e+00
-2.118063100831229395e+00 6.650485885724567447e-01 6.650485885724567447e-01 0.000000000000000000e+00 0.000000000000000000e+00
2.820444018340312886e-01 -8.447891119948067740e-01 -8.447891119948067740e-01 0.000000000000000000e+00 0.000000000000000000e+00
-1.209523607051959493e+00 -4.665189311070496725e-01 -4.665189311070496725e-01 0.000000000000000000e+00 0.000000000000000000e+00
0.000000000000000000e+00 0.000000000000000000e+00 1.446229250923152687e+00 0.000000000000000000e+00 0.000000000000000000e+00
0.000000000000000000e+00 0.000000000000000000e+00 5.204261378750976164e-01 0.000000000000000000e+00 0.000000000000000000e+00
0.000000000000000000e+00 0.000000000000000000e+00 1.000000000000000000e+00 0.000000000000000000e+00 0.000000000000000000e+00
0.000000000000000000e+00 0.000000000000000000e+00 1.000000000000000000e+00 0.000000000000000000e+00 0.000000000000000000e+00
4.330285349553419927e-01 -1.158961677163203419e+01 -1.064233283700536070e+01 -9.697483575300353209e+00 0.000000000000000000e+00
-0.000000000000000000e+00 -1.104979723033596262e+00 -1.104979723033596262e+00 -1.104979723033596262e+00 0.000000000000000000e+00
-5.454821675618504173e-03 -2.019727523040694694e-01 -2.019727523040694694e-01 -2.019727523040694694e-01 0.000000000000000000e+00
-6.761345418756699033e+00 -1.582405563762838696e-01 -1.582405563762838696e-01 -1.582405563762838696e-01 0.000000000000000000e+00
-5.773828302908868615e+00 1.181503557542462612e+00 1.181503557542462612e+00 1.181503557542462612e+00 0.000000000000000000e+00
3.745651765891366836e-03 -9.519813460062971355e-01 -9.519813460062971355e-01 -9.519813460062971355e-01 0.000000000000000000e+00
0.000000000000000000e+00 0.000000000000000000e+00 0.000000000000000000e+00 -7.671735095704717011e-01 0.000000000000000000e+00
0.000000000000000000e+00 0.000000000000000000e+00 0.000000000000000000e+00 1.489491177294970825e+00 0.000000000000000000e+00
0.000000000000000000e+00 0.000000000000000000e+00 0.000000000000000000e+00 1.000000000000000000e+00 0.000000000000000000e+00
0.000000000000000000e+00 0.000000000000000000e+00 0.000000000000000000e+00 1.000000000000000000e+00 0.000000000000000000e+00
-5.858317381048317590e-02 -6.382530825130175445e-02 7.863566806140509513e-01 2.624838333020779180e-01 0.000000000000000000e+00
1.608647161332492415e+00 -1.122305348457903129e+01 -1.031857296402913704e+01 -9.531525787456931909e+00 1.934316188658665947e+00
5.293190029167109678e-01 -1.855788368111443321e+00 -2.189197475586012409e+00 -1.939679166499142404e+00 -8.053027336810857362e-01
-4.811052678913166902e-01 1.290374209238921210e+00 5.905828491059520458e-01 1.007198761583157021e+00 1.422753848494690535e-16
2.334074372557313204e-01 8.203248896712378446e-01 8.203248896712378446e-01 8.203248896712378446e-01 9.704664052439220256e-01
-1.192995908301345276e+00 -1.723331860400764803e+00 -1.723331860400764803e+00 -1.723331860400764803e+00 -9.704664052439214705e-01
-1.076768568946866456e-01 -7.376155546554330478e-02 -7.376155546554330478e-02 -7.376155546554330478e-02 -2.819789385033066309e-01
-6.747137386760611477e+00 -2.977687003138210553e+00 -2.977687003138210553e+00 -2.977687003138210553e+00 -6.416900968099323421e+00
-5.644159494306978608e+00 2.885586745362101468e-01 2.885586745362101468e-01 2.885586745362101468e-01 -5.518994961608280292e+00
-1.067765337944084791e+00 -7.096318927427632817e-01 -7.096318927427632817e-01 -7.096318927427632817e-01 -2.145588478262287158e+00
0.000000000000000000e+00 0.000000000000000000e+00 0.000000000000000000e+00 0.000000000000000000e+00 1.967765675993189411e-01
0.000000000000000000e+00 0.000000000000000000e+00 0.000000000000000000e+00 0.000000000000000000e+00 -6.997370682698038635e-01
0.000000000000000000e+00 0.000000000000000000e+00 0.000000000000000000e+00 0.000000000000000000e+00 -1.000000000000000000e+00
0.000000000000000000e+00 0.000000000000000000e+00 0.000000000000000000e+00 0.000000000000000000e+00 1.000000000000000000e+00
