-9.480523326898318004e-01 0.000000000000000000e+00 0.000000000000000000e+00 0.000000000000000000e+00 0.000000000000000000e+00
-1.000000000000000000e+00 0.000000000000000000e+00 0.000000000000000000e+00 0.000000000000000000e+00 0.000000000000000000e+00
1.000000000000000000e+00 0.000000000000000000e+00 0.000000000000000000e+00 0.000000000000000000e+00 0.000000000000000000e+00
-3.416795033639904999e-01 -2.366290876156980083e+00 0.000000000000000000e+00 0.000000000000000000e+00 0.000000000000000000e+00
-4.100883663304770721e-01 -2.179305773048970385e-01 0.000000000000000000e+00 0.000000000000000000e+00 0.000000000000000000e+00
2.872861719527342483e+00 -7.860485303751372221e-01 0.000000000000000000e+00 0.000000000000000000e+00 0.000000000000000000e+00
-2.372710190112551132e+00 -2.819650750718053489e-01 0.000000000000000000e+00 0.000000000000000000e+00 0.000000000000000000e+00
1.309698405161847878e+00 1.089955704496668565e+00 0.000000000000000000e+00 0.000000000000000000e+00 0.000000000000000000e+00
0.000000000000000000e+00 -1.862201770625953934e+00 0.000000000000000000e+00 0.000000000000000000e+00 0.000000000000000000e+00
0.000000000000000000e+00 -1.403238393272934648e+00 0.000000000000000000e+00 0.000000000000000000e+00 0.000000000000000000e+00
0.000000000000000000e+00 -1.000000000000000000e+00 0.000000000000000000e+00 0.000000000000000000e+00 0.000000000000000000e+00
0.000000000000000000e+00 1.000000000000000000e+00 0.000000000000000000e+00 0.000000000000000000e+00 0.000000000000000000e+00
-7.641523755569782361e-01 -1.046623050970310942e+01 -9.852174243211154092e+00 0.000000000000000000e+00 0.000000000000000000e+00
-1.391476734720645814e+00 5.550330436842569881e-01 1.939298502563691073e+00 0.000000000000000000e+00 0.000000000000000000e+00
-1.895978176421069472e+00 1.202827155064922077e-01 1.202827155064922077e-01 0.000000000000000000e+00 0.000000000000000000e+00
0.000000000000000000e+00 -6.433561215907568354e-02 -6.433561215907568354e-02 0.000000000000000000e+00 0.000000000000000000e+00
5.391399792862113571e+00 -8.660112652871400085e-01 -8.660112652871400085e-01 0.000000000000000000e+00 0.000000000000000000e+00
-9.611886600498417366e+00 1.520588461179239737e-01 1.520588461179239737e-01 0.000000000000000000e+00 0.000000000000000000e+00
1.375146264131831719e+00 1.115520438469129960e+00 1.115520438469129960e+00 0.000000000000000000e+00 0.000000000000000000e+00
0.000000000000000000e+00 0.000000000000000000e+00 1.797866158466878250e+00 0.000000000000000000e+00 0.000000000000000000e+00
0.000000000000000000e+00 0.000000000000000000e+00 -1.712775789415557082e+00 0.000000000000000000e+00 0.000000000000000000e+00
0.000000000000000000e+00 0.000000000000000000e+00 -1.000000000000000000e+00 0.000000000000000000e+00 0.000000000000000000e+00
0.000000000000000000e+00 0.000000000000000000e+00 1.000000000000000000e+00 0.000000000000000000e+00 0.000000000000000000e+00
-1.001120012877589227e+00 -1.074032642373649971e+01 -9.628058739460168880e+00 -9.402145503702147522e+00 0.000000000000000000e+00
0.000000000000000000e+00 -1.118605818589843981e-01 -1.118605818589843981e-01 -1.118605818589843981e-01 0.000000000000000000e+00
-2.791544996105716159e+00 2.192877088251592166e-01 2.192877088251592166e-01 2.192877088251592166e-01 0.000000000000000000e+00
-1.361922709402825049e+01 2.838482963628030653e-01 2.838482963628030653e-01 2.838482963628030653e-01 0.000000000000000000e+00
-5.666018415149606469e+00 7.845373421549453052e-01 7.845373421549453052e-01 7.845373421549453052e-01 0.000000000000000000e+00
-3.663930986958908509e+00 -1.089466789754053755e+00 -1.089466789754053755e+00 -1.089466789754053755e+00 0.000000000000000000e+00
0.000000000000000000e+00 0.000000000000000000e+00 0.000000000000000000e+00 -4.752496969990893660e-02 0.000000000000000000e+00
0.000000000000000000e+00 0.000000000000000000e+00 0.000000000000000000e+00 -6.393848384977585120e-01 0.000000000000000000e+00
0.000000000000000000e+00 0.000000000000000000e+00 0.000000000000000000e+00 -1.000000000000000000e+00 0.000000000000000000e+00
0.000000000000000000e+00 0.000000000000000000e+00 0.000000000000000000e+00 1.000000000000000000e+00 0.000000000000000000e+00
3.527068211492456751e-01 -3.086879716433691634e+00 -1.894170910415932774e+00 -9.757134726868769148e-01 0.000000000000000000e+00
1.072390297763689881e+00 -1.150780331647374766e+01 -1.017743712836204928e+01 -9.833055875941493440e+00 1.938874645382142825e+00
1.739017692220086619e+00 3.662238946296802466e-01 9.488582048186997575e-01 1.669023406025521128e+00 4.195656796538425937e+00
2.311059419566220630e+00 -7.625802055350660025e-01 -2.655253408212813859e+00 -4.547940202079586491e+00 -2.641281874524286754e-16
-1.446760585414004430e+00 6.272564544922456520e-01 6.272564544922456520e-01 6.272564544922456520e-01 -1.643016278039331368e+00
3.112469118562033010e+00 -9.584047451763887393e-01 -9.584047451763887393e-01 -9.584047451763887393e-01 1.643016278039332034e+00
-1.862681208658684806e+00 3.909602424714009317e-01 3.909602424714009317e-01 3.909602424714009317e-01 -3.245031045014903359e-01
-1.292886639149225658e+01 5.470963622951572347e+00 5.470963622951572347e+00 5.470963622951572347e+00 -1.377359693705964894e+01
-6.561427718676789311e+00 2.678573929266760523e+00 2.678573929266760523e+00 2.678573929266760523e+00 -6.558728998051377879e+00
-2.056129189134579427e+00 9.336458581891171615e-02 9.336458581891171615e-02 9.336458581891171615e-02 8.613419368183857783e-01
0.000000000000000000e+00 0.000000000000000000e+00 0.000000000000000000e+00 0.000000000000000000e+00 1.662597866037192063e+00
0.000000000000000000e+00 0.000000000000000000e+00 0.000000000000000000e+00 0.000000000000000000e+00 -7.182200484568506127e-01
0.000000000000000000e+00 0.000000000000000000e+00 0.000000000000000000e+00 0.000000000000000000e+00 -1.000000000000000000e+00
0.000000000000000000e+00 0.000000000000000000e+00 0.000000000000000000e+00 0.000000000000000000e+00 1.000000000000000000e+00
