2.301763413570667716e-01 0.000000000000000000e+00 0.000000000000000000e+00 0.000000000000000000e+00 0.000000000000000000e+00
1.000000000000000000e+00 0.000000000000000000e+00 0.000000000000000000e+00 0.000000000000000000e+00 0.000000000000000000e+00
1.000000000000000000e+00 0.000000000000000000e+00 0.000000000000000000e+00 0.000000000000000000e+00 0.000000000000000000e+00
-2.781470429427312929e-02 -3.694585782495188653e+00 0.000000000000000000e+00 0.000000000000000000e+00 0.000000000000000000e+00
-4.818853481755683843e-01 -1.848635566291354643e-02 0.000000000000000000e+00 0.000000000000000000e+00 0.000000000000000000e+00
2.259761452893553901e-01 -3.794760431682162038e-02 0.000000000000000000e+00 0.000000000000000000e+00 0.000000000000000000e+00
-5.116816635493948162e-01 -1.861094140400031960e-01 0.000000000000000000e+00 0.000000000000000000e+00 0.000000000000000000e+00
9.135931372194053823e-01 4.577077587404799752e-01 0.000000000000000000e+00 0.000000000000000000e+00 0.000000000000000000e+00
0.000000000000000000e+00 -1.039039127821486996e+00 0.000000000000000000e+00 0.000000000000000000e+00 0.000000000000000000e+00
0.000000000000000000e+00 -3.603855899946815100e-01 0.000000000000000000e+00 0.000000000000000000e+00 0.000000000000000000e+00
0.000000000000000000e+00 -1.000000000000000000e+00 0.000000000000000000e+00 0.000000000000000000e+00 0.000000000000000000e+00
0.000000000000000000e+00 1.000000000000000000e+00 0.000000000000000000e+00 0.000000000000000000e+00 0.000000000000000000e+00
5.634639726915549596e-02 -3.638003432180499708e+00 -3.395352508939302183e+00 0.000000000000000000e+00 0.000000000000000000e+00
1.129783730028538630e-01 9.575460335416904556e+00 9.434546658117008988e+00 0.000000000000000000e+00 0.000000000000000000e+00
1.273914582667905748e-01 1.639395203967725437e-02 1.639395203967725437e-02 0.000000000000000000e+00 0.000000000000000000e+00
0.000000000000000000e+00 -8.071536298225024941e-01 -8.071536298225024941e-01 0.000000000000000000e+00 0.000000000000000000e+00
1.521329665031308509e-01 4.161676828217255458e-02 4.161676828217255458e-02 0.000000000000000000e+00 0.000000000000000000e+00
2.374933163119856694e-01 4.668511613388508508e-01 4.668511613388508508e-01 0.000000000000000000e+00 0.000000000000000000e+00
1.779468254806820360e+00 1.618119265138173168e-01 1.618119265138173168e-01 0.000000000000000000e+00 0.000000000000000000e+00
0.000000000000000000e+00 0.000000000000000000e+00 2.318854979989843912e-01 0.000000000000000000e+00 0.000000000000000000e+00
0.000000000000000000e+00 0.000000000000000000e+00 -9.059329755384064597e-01 0.000000000000000000e+00 0.000000000000000000e+00
0.000000000000000000e+00 0.000000000000000000e+00 -1.000000000000000000e+00 0.000000000000000000e+00 0.000000000000000000e+00
0.000000000000000000e+00 0.000000000000000000e+00 1.000000000000000000e+00 0.000000000000000000e+00 0.000000000000000000e+00
1.290814746625675025e-01 9.284848749492763176e+00 9.080536373585902155e+00 9.895609997637139443e+00 0.000000000000000000e+00
0.000000000000000000e+00 -4.886098250620672934e-01 -4.886098250620672934e-01 -4.886098250620672934e-01 0.000000000000000000e+00
-7.361377734349777713e-01 -1.275268500438688120e-02 -1.275268500438688120e-02 -1.275268500438688120e-02 0.000000000000000000e+00
5.981598676258096603e+00 1.227819412109150132e-01 1.227819412109150132e-01 1.227819412109150132e-01 0.000000000000000000e+00
7.546097202135697568e-01 4.643789569828236929e-02 4.643789569828236929e-02 4.643789569828236929e-02 0.000000000000000000e+00
-1.030111373114645179e+00 4.785997297513073234e-01 4.785997297513073234e-01 4.785997297513073234e-01 0.000000000000000000e+00
0.000000000000000000e+00 0.000000000000000000e+00 0.000000000000000000e+00 3.185438047604352008e-01 0.000000000000000000e+00
0.000000000000000000e+00 0.000000000000000000e+00 0.000000000000000000e+00 -1.193346341452268700e+00 0.000000000000000000e+00
0.000000000000000000e+00 0.000000000000000000e+00 0.000000000000000000e+00 -1.000000000000000000e+00 0.000000000000000000e+00
0.000000000000000000e+00 0.000000000000000000e+00 0.000000000000000000e+00 1.000000000000000000e+00 0.000000000000000000e+00
4.190296663129372545e-02 -2.704734304156348301e+00 -1.036164222496210652e+00 -5.635629970411515366e-01 0.000000000000000000e+00
-1.475871131133954517e-01 8.129452605905346019e+00 7.875538788301972737e+00 8.515318021091212941e+00 1.519063201921969863e+00
3.792872931705238426e-01 -4.414013152675525298e+00 -4.426511750467894579e+00 -4.973256826823510224e+00 2.101348216877763964e+00
2.533668683308498704e-01 -3.740038136904894728e+00 -2.820265429546320313e+00 -2.688888219106662980e+00 -3.647835574379140175e-16
2.787233759190949733e+00 3.502884065860778495e-01 3.502884065860778495e-01 3.502884065860778495e-01 -2.754531656514168869e+00
-2.545194261816056347e+00 -8.261455466437580553e-01 -8.261455466437580553e-01 -8.261455466437580553e-01 2.754531656514167537e+00
4.844510713441484429e-01 -2.357891484405148785e-02 -2.357891484405148785e-02 -2.357891484405148785e-02 -7.602628280300715025e-01
2.721992941705865920e+00 1.541529955873841007e-02 1.541529955873841007e-02 1.541529955873841007e-02 -2.508332330409785982e+00
4.148847103281768645e-01 -3.275623471034336265e-01 -3.275623471034336265e-01 -3.275623471034336265e-01 -1.079247204895650070e+00
-1.425721314388142869e+00 -8.556825076677614383e-01 -8.556825076677614383e-01 -8.556825076677614383e-01 1.018246735451294738e-01
0.000000000000000000e+00 0.000000000000000000e+00 0.000000000000000000e+00 0.000000000000000000e+00 -1.379550793803661968e+00
0.000000000000000000e+00 0.000000000000000000e+00 0.000000000000000000e+00 0.000000000000000000e+00 -1.892759363857785537e-01
0.000000000000000000e+00 0.000000000000000000e+00 0.000000000000000000e+00 0.000000000000000000e+00 -1.000000000000000000e+00
0.000000000000000000e+00 0.000000000000000000e+00 0.000000000000000000e+00 0.000000000000000000e+00 1.000000000000000000e+00
