1.390214538145513323e+00 0.000000000000000000e+00 0.000000000000000000e+00 0.000000000000000000e+00 0.000000000000000000e+00
1.000000000000000000e+00 0.000000000000000000e+00 0.000000000000000000e+00 0.000000000000000000e+00 0.000000000000000000e+00
1.000000000000000000e+00 0.000000000000000000e+00 0.000000000000000000e+00 0.000000000000000000e+00 0.000000000000000000e+00
2.607171150555255834e-01 1.073802078262357518e-01 0.000000000000000000e+00 0.000000000000000000e+00 0.000000000000000000e+00
-9.936156722690591137e-01 -2.525120293502727473e-02 0.000000000000000000e+00 0.000000000000000000e+00 0.000000000000000000e+00
-2.137174793238093340e+00 -1.932036521783076388e+00 0.000000000000000000e+00 0.000000000000000000e+00 0.000000000000000000e+00
-5.880618684945068120e-01 -1.261583737576784346e-02 0.000000000000000000e+00 0.000000000000000000e+00 0.000000000000000000e+00
-1.320568120070235052e+00 9.654360418100476071e-01 0.000000000000000000e+00 0.000000000000000000e+00 0.000000000000000000e+00
0.000000000000000000e+00 1.312771541054519986e+00 0.000000000000000000e+00 0.000000000000000000e+00 0.000000000000000000e+00
0.000000000000000000e+00 -7.779888942997592594e-01 0.000000000000000000e+00 0.000000000000000000e+00 0.000000000000000000e+00
0.000000000000000000e+00 -1.000000000000000000e+00 0.000000000000000000e+00 0.000000000000000000e+00 0.000000000000000000e+00
0.000000000000000000e+00 1.000000000000000000e+00 0.000000000000000000e+00 0.000000000000000000e+00 0.000000000000000000e+00
-5.852781766364361093e-01 -3.935558634113355492e+00 -4.131346303885308657e+00 0.000000000000000000e+00 0.000000000000000000e+00
2.886665106001166659e-01 7.645873032153958526e+00 8.037874977919434727e+00 0.000000000000000000e+00 0.000000000000000000e+00
-1.061009178921857643e+00 8.988646153037325170e-01 8.988646153037325170e-01 0.000000000000000000e+00 0.000000000000000000e+00
-0.000000000000000000e+00 2.831472152909081164e+00 2.831472152909081164e+00 0.000000000000000000e+00 0.000000000000000000e+00
-1.494478788260781954e+00 7.095669298394625679e-01 7.095669298394625679e-01 0.000000000000000000e+00 0.000000000000000000e+00
-2.533015787699847809e+00 7.982736885258099324e-01 7.982736885258099324e-01 0.000000000000000000e+00 0.000000000000000000e+00
-1.310561067077222752e+00 5.431252418972470908e-01 5.431252418972470908e-01 0.000000000000000000e+00 0.000000000000000000e+00
0.000000000000000000e+00 0.000000000000000000e+00 1.518700611854560734e+00 0.000000000000000000e+00 0.000000000000000000e+00
0.000000000000000000e+00 0.000000000000000000e+00 1.362221643100672619e+00 0.000000000000000000e+00 0.000000000000000000e+00
0.000000000000000000e+00 0.000000000000000000e+00 1.000000000000000000e+00 0.000000000000000000e+00 0.000000000000000000e+00
0.000000000000000000e+00 0.000000000000000000e+00 1.000000000000000000e+00 0.000000000000000000e+00 0.000000000000000000e+00
7.076128477460159605e-01 -4.844713845510965733e+00 -5.673359848601181810e+00 -6.575076676978691026e+00 0.000000000000000000e+00
-0.000000000000000000e+00 9.267114690706980129e-01 9.267114690706980129e-01 9.267114690706980129e-01 0.000000000000000000e+00
3.004819618024634487e+00 -9.453157441442202602e-01 -9.453157441442202602e-01 -9.453157441442202602e-01 0.000000000000000000e+00
-3.185366076432876170e+00 -7.502207975332653156e-01 -7.502207975332653156e-01 -7.502207975332653156e-01 0.000000000000000000e+00
4.925447324583727138e-01 -4.010339013033067390e-01 -4.010339013033067390e-01 -4.010339013033067390e-01 0.000000000000000000e+00
5.404082396525592635e+00 -6.077784671466228694e-01 -6.077784671466228694e-01 -6.077784671466228694e-01 0.000000000000000000e+00
0.000000000000000000e+00 0.000000000000000000e+00 0.000000000000000000e+00 -1.904760683838382818e+00 0.000000000000000000e+00
0.000000000000000000e+00 0.000000000000000000e+00 0.000000000000000000e+00 1.906586716636160084e+00 0.000000000000000000e+00
0.000000000000000000e+00 0.000000000000000000e+00 0.000000000000000000e+00 1.000000000000000000e+00 0.000000000000000000e+00
0.000000000000000000e+00 0.000000000000000000e+00 0.000000000000000000e+00 1.000000000000000000e+00 0.000000000000000000e+00
2.103643300423474125e-02 -5.190245118846673611e-01 8.347790267334860292e-01 1.575796050602343845e+00 0.000000000000000000e+00
9.113030713112159065e-01 -2.334386418472378821e+00 -2.175844450390252760e+00 -2.999627913817547675e+00 6.885140777217219288e+00
2.126840508853425626e-01 -3.928834855463591680e+00 -5.290058225248276180e+00 -5.733758012394917003e+00 -2.321268042450388425e+00
-4.269365590897957752e-01 7.615301493533711330e+00 7.107625626786730599e+00 7.636524182950321205e+00 -2.255629704082870101e-16
1.592909942107683108e+00 5.553271188752600729e+00 5.553271188752600729e+00 5.553271188752600729e+00 3.666667071431807035e+00
-5.563248027163657738e+00 -3.681243975537682012e+00 -3.681243975537682012e+00 -3.681243975537682012e+00 -3.666667071431806590e+00
-8.905615981632715172e-01 8.670086595577510824e-01 8.670086595577510824e-01 8.670086595577510824e-01 1.052990003122321827e+00
-7.644103278935453716e+00 3.268851111519045283e+00 3.268851111519045283e+00 3.268851111519045283e+00 -7.446751946395038235e-01
-5.132697072908610991e+00 1.274369310369091846e+00 1.274369310369091846e+00 1.274369310369091846e+00 -3.819323796899578127e+00
1.996125725905090631e+00 -1.153685336099049552e+00 -1.153685336099049552e+00 -1.153685336099049552e+00 -3.876430734839265480e+00
0.000000000000000000e+00 0.000000000000000000e+00 0.000000000000000000e+00 0.000000000000000000e+00 -1.029852926522756729e+00
0.000000000000000000e+00 0.000000000000000000e+00 0.000000000000000000e+00 0.000000000000000000e+00 -1.677743627479588273e+00
0.000000000000000000e+00 0.000000000000000000e+00 0.000000000000000000e+00 0.000000000000000000e+00 -1.000000000000000000e+00
0.000000000000000000e+00 0.000000000000000000e+00 0.000000000000000000e+00 0.000000000000000000e+00 1.000000000000000000e+00
