-1.171010611344832419e+00 0.000000000000000000e+00 0.000000000000000000e+00 0.000000000000000000e+00 0.000000000000000000e+00
-1.000000000000000000e+00 0.000000000000000000e+00 0.000000000000000000e+00 0.000000000000000000e+00 0.000000000000000000e+00
1.000000000000000000e+00 0.000000000000000000e+00 0.000000000000000000e+00 0.000000000000000000e+00 0.000000000000000000e+00
6.220509584603500786e-01 -8.831101008993238466e+00 0.000000000000000000e+00 0.000000000000000000e+00 0.000000000000000000e+00
-1.955836787207305028e+00 5.584702083691310825e-01 0.000000000000000000e+00 0.000000000000000000e+00 0.000000000000000000e+00
-3.711691467001102307e+00 7.954961608925382732e-01 0.000000000000000000e+00 0.000000000000000000e+00 0.000000000000000000e+00
1.172976443908549493e+00 -1.596278325475982030e+00 0.000000000000000000e+00 0.000000000000000000e+00 0.000000000000000000e+00
-2.477750134700522633e+00 -8.228627636886486352e-01 0.000000000000000000e+00 0.000000000000000000e+00 0.000000000000000000e+00
0.000000000000000000e+00 -9.268484837106294449e-02 0.000000000000000000e+00 0.000000000000000000e+00 0.000000000000000000e+00
0.000000000000000000e+00 -1.655235497648106957e+00 0.000000000000000000e+00 0.000000000000000000e+00 0.000000000000000000e+00
0.000000000000000000e+00 -1.000000000000000000e+00 0.000000000000000000e+00 0.000000000000000000e+00 0.000000000000000000e+00
0.000000000000000000e+00 1.000000000000000000e+00 0.000000000000000000e+00 0.000000000000000000e+00 0.000000000000000000e+00
-4.432419076195030505e-01 -8.017218160439418817e-01 -2.944120348307230906e-01 0.000000000000000000e+00 0.000000000000000000e+00
1.546469946445191646e+00 -1.026274467901842335e+01 -9.625811601740050349e+00 0.000000000000000000e+00 0.000000000000000000e+00
1.065331829676235131e-01 -3.110769178561508669e-02 -3.110769178561508669e-02 0.000000000000000000e+00 0.000000000000000000e+00
0.000000000000000000e+00 -1.467653728220493337e+00 -1.467653728220493337e+00 0.000000000000000000e+00 0.000000000000000000e+00
-4.650518235424463853e+00 1.369853744961590847e+00 1.369853744961590847e+00 0.000000000000000000e+00 0.000000000000000000e+00
-1.560099888166199822e+00 -1.795423901892443386e+00 -1.795423901892443386e+00 0.000000000000000000e+00 0.000000000000000000e+00
-4.056390198419627779e+00 4.075086211408462944e-02 4.075086211408462944e-02 0.000000000000000000e+00 0.000000000000000000e+00
0.000000000000000000e+00 0.000000000000000000e+00 -1.374968879849430614e+00 0.000000000000000000e+00 0.000000000000000000e+00
0.000000000000000000e+00 0.000000000000000000e+00 -3.673238568052150654e-01 0.000000000000000000e+00 0.000000000000000000e+00
0.000000000000000000e+00 0.000000000000000000e+00 -1.000000000000000000e+00 0.000000000000000000e+00 0.000000000000000000e+00
0.000000000000000000e+00 0.000000000000000000e+00 1.000000000000000000e+00 0.000000000000000000e+00 0.000000000000000000e+00
-1.523665237079993018e+00 8.067474091256050528e+00 7.860737001590529793e+00 7.413761275592610112e+00 0.000000000000000000e+00
0.000000000000000000e+00 -1.603017350626409820e+00 -1.603017350626409820e+00 -1.603017350626409820e+00 0.000000000000000000e+00
-3.302672512685377537e+00 6.374064541643424953e-01 6.374064541643424953e-01 6.374064541643424953e-01 0.000000000000000000e+00
2.101131396456735523e+00 -1.009205705977128886e+00 -1.009205705977128886e+00 -1.009205705977128886e+00 0.000000000000000000e+00
2.582543863422148700e-02 5.051950962715013871e-01 5.051950962715013871e-01 5.051950962715013871e-01 0.000000000000000000e+00
3.365405133986378861e+00 1.485500408371848824e+00 1.485500408371848824e+00 1.485500408371848824e+00 0.000000000000000000e+00
0.000000000000000000e+00 0.000000000000000000e+00 0.000000000000000000e+00 -1.353636224059164839e-01 0.000000000000000000e+00
0.000000000000000000e+00 0.000000000000000000e+00 0.000000000000000000e+00 1.175153182087647075e-01 0.000000000000000000e+00
0.000000000000000000e+00 0.000000000000000000e+00 0.000000000000000000e+00 1.000000000000000000e+00 0.000000000000000000e+00
0.000000000000000000e+00 0.000000000000000000e+00 0.000000000000000000e+00 1.000000000000000000e+00 0.000000000000000000e+00
-1.721057287630575749e-01 1.873593901320723898e+00 1.070487787112935241e+00 9.626306748098036881e-01 0.000000000000000000e+00
9.162736192168154936e-01 3.183637470412869486e-01 1.914706660689393380e-01 2.311681752859352235e-01 4.407200768238979549e+00
-1.507151361418638036e+00 7.791112935569224796e+00 7.775619388850349090e+00 7.496936343819875503e+00 8.176107498776343796e-01
1.663736851390766325e-01 5.198150598934902611e+00 4.479103596498142714e+00 3.927324650967561670e+00 2.437994385667568710e-18
-7.469907175352262785e-01 -2.054183301459606259e+00 -2.054183301459606259e+00 -2.054183301459606259e+00 1.218969023801224738e+00
2.253776925286540056e+00 -1.862405033311456126e-01 -1.862405033311456126e-01 -1.862405033311456126e-01 -1.218969023801224294e+00
-2.492594940632782308e+00 1.676267738384164541e-01 1.676267738384164541e-01 1.676267738384164541e-01 2.683726070623730031e+00
-1.638046263155113591e+00 -1.751357070482350453e+00 -1.751357070482350453e+00 -1.751357070482350453e+00 3.249331574704321213e+00
-3.855903670108045134e+00 -1.426062745480120908e+00 -1.426062745480120908e+00 -1.426062745480120908e+00 2.211464333585864583e+00
-4.676669466883409676e-02 -3.835028642021422463e-01 -3.835028642021422463e-01 -3.835028642021422463e-01 2.705267415532990771e+00
0.000000000000000000e+00 0.000000000000000000e+00 0.000000000000000000e+00 0.000000000000000000e+00 -5.539663598197819283e-02
0.000000000000000000e+00 0.000000000000000000e+00 0.000000000000000000e+00 0.000000000000000000e+00 -7.138920387860143713e-01
0.000000000000000000e+00 0.000000000000000000e+00 0.000000000000000000e+00 0.000000000000000000e+00 -1.000000000000000000e+00
0.000000000000000000e+00 0.000000000000000000e+00 0.000000000000000000e+00 0.000000000000000000e+00 1.000000000000000000e+00
