1.247672438953333796e+00 0.000000000000000000e+00 0.000000000000000000e+00 0.000000000000000000e+00 0.000000000000000000e+00
1.000000000000000000e+00 0.000000000000000000e+00 0.000000000000000000e+00 0.000000000000000000e+00 0.000000000000000000e+00
1.000000000000000000e+00 0.000000000000000000e+00 0.000000000000000000e+00 0.000000000000000000e+00 0.000000000000000000e+00
3.086800416600682939e-01 -9.746375271413002750e+00 0.000000000000000000e+00 0.000000000000000000e+00 0.000000000000000000e+00
-4.430017146349389812e-01 3.562115814556196525e-01 0.000000000000000000e+00 0.000000000000000000e+00 0.000000000000000000e+00
-1.854450820335146854e+00 1.384097591462765786e+00 0.000000000000000000e+00 0.000000000000000000e+00 0.000000000000000000e+00
-7.406326409798512644e-01 -5.340572040187882008e-01 0.000000000000000000e+00 0.000000000000000000e+00 0.000000000000000000e+00
-7.165057817154810715e-01 -1.293786652465639397e-01 0.000000000000000000e+00 0.000000000000000000e+00 0.000000000000000000e+00
0.000000000000000000e+00 -8.885098490101817070e-01 0.000000000000000000e+00 0.000000000000000000e+00 0.000000000000000000e+00
0.000000000000000000e+00 7.224847318902600790e-01 0.000000000000000000e+00 0.000000000000000000e+00 0.000000000000000000e+00
0.000000000000000000e+00 1.000000000000000000e+00 0.000000000000000000e+00 0.000000000000000000e+00 0.000000000000000000e+00
0.000000000000000000e+00 1.000000000000000000e+00 0.000000000000000000e+00 0.000000000000000000e+00 0.000000000000000000e+00
-5.623466690559452141e-01 6.190451210167819518e+00 6.029115303640011803e+00 0.000000000000000000e+00 0.000000000000000000e+00
3.417603057906540842e-01 -8.065135177996246796e+00 -7.815857954502651417e+00 0.000000000000000000e+00 0.000000000000000000e+00
-9.752177547781140099e-01 7.481885376178210034e-01 7.481885376178210034e-01 0.000000000000000000e+00 0.000000000000000000e+00
-0.000000000000000000e+00 -3.904768696632258257e-02 -3.904768696632258257e-02 0.000000000000000000e+00 0.000000000000000000e+00
-9.733838969604987623e-01 4.291020326853616229e-01 4.291020326853616229e-01 0.000000000000000000e+00 0.000000000000000000e+00
2.208880016447288541e-01 -4.388566739598052657e-01 -4.388566739598052657e-01 0.000000000000000000e+00 0.000000000000000000e+00
-3.580163846625158963e-01 -3.306973781363941045e-01 -3.306973781363941045e-01 0.000000000000000000e+00 0.000000000000000000e+00
0.000000000000000000e+00 0.000000000000000000e+00 8.494621620438591592e-01 0.000000000000000000e+00 0.000000000000000000e+00
0.000000000000000000e+00 0.000000000000000000e+00 -7.529187746774379519e-02 0.000000000000000000e+00 0.000000000000000000e+00
0.000000000000000000e+00 0.000000000000000000e+00 -1.000000000000000000e+00 0.000000000000000000e+00 0.000000000000000000e+00
0.000000000000000000e+00 0.000000000000000000e+00 1.000000000000000000e+00 0.000000000000000000e+00 0.000000000000000000e+00
-6.232627998103815736e-01 9.704072303533578747e+00 9.556904287472519854e+00 9.538672642653498457e+00 0.000000000000000000e+00
-0.000000000000000000e+00 -1.585986666388943034e+00 -1.585986666388943034e+00 -1.585986666388943034e+00 0.000000000000000000e+00
-6.716873157360250257e-01 2.673160948739067844e-01 2.673160948739067844e-01 2.673160948739067844e-01 0.000000000000000000e+00
-1.731305258287437754e-01 -9.583019427420202963e-02 -9.583019427420202963e-02 -9.583019427420202963e-02 0.000000000000000000e+00
-5.709142341406411303e-01 1.461999085988407998e+00 1.461999085988407998e+00 1.461999085988407998e+00 0.000000000000000000e+00
1.580005783092168548e+00 5.410845682984468663e-01 5.410845682984468663e-01 5.410845682984468663e-01 0.000000000000000000e+00
0.000000000000000000e+00 0.000000000000000000e+00 0.000000000000000000e+00 -1.546938979422620708e+00 0.000000000000000000e+00
0.000000000000000000e+00 0.000000000000000000e+00 0.000000000000000000e+00 -3.230548522724467908e-01 0.000000000000000000e+00
0.000000000000000000e+00 0.000000000000000000e+00 0.000000000000000000e+00 -1.000000000000000000e+00 0.000000000000000000e+00
0.000000000000000000e+00 0.000000000000000000e+00 0.000000000000000000e+00 1.000000000000000000e+00 0.000000000000000000e+00
-7.093534221613728707e-02 1.523055076209085978e+00 1.088527154736515179e+00 2.470698661912615335e-01 0.000000000000000000e+00
-2.840927536870588299e-01 8.723209481877347571e+00 7.816491131029234651e+00 7.244692289133713992e+00 -1.419942696974736684e-01
8.859314458586680097e-01 -3.908740185002404832e+00 -3.745141909675344660e+00 -3.708004051392272515e+00 -1.185556434232390322e+00
6.670687464396453381e-02 1.187475947643158447e+00 9.148822033118417796e-01 7.293280080963570056e-01 3.493248358781734483e-17
2.437998758076473371e-02 -1.055240667997408011e+00 -1.055240667997408011e+00 -1.055240667997408011e+00 -6.722562870713626182e-02
9.780215421660837238e-02 -7.980620932654424182e-01 -7.980620932654424182e-01 -7.980620932654424182e-01 6.722562870713631733e-02
-1.451354180591021059e+00 5.543715545112215537e-01 5.543715545112215537e-01 5.543715545112215537e-01 1.327676987198735503e+00
-2.582317677922143367e-02 -1.180164163079578499e+00 -1.180164163079578499e+00 -1.180164163079578499e+00 7.177333138434782711e-02
-1.011561302793961559e-01 6.366749912497543740e+00 6.366749912497543740e+00 6.366749912497543740e+00 -1.542925828556486190e-01
8.333489418132593585e-01 -1.603436095299761499e+00 -1.603436095299761499e+00 -1.603436095299761499e+00 -1.975292674020830308e+00
0.000000000000000000e+00 0.000000000000000000e+00 0.000000000000000000e+00 0.000000000000000000e+00 7.160644925031198760e-01
0.000000000000000000e+00 0.000000000000000000e+00 0.000000000000000000e+00 0.000000000000000000e+00 -1.319272917073086138e+00
0.000000000000000000e+00 0.000000000000000000e+00 0.000000000000000000e+00 0.000000000000000000e+00 -1.000000000000000000e+00
0.000000000000000000e+00 0.000000000000000000e+00 0.000000000000000000e+00 0.000000000000000000e+00 1.000000000000000000e+00
