-1.384240887713850121e-01 0.000000000000000000e+00 0.000000000000000000e+00 0.000000000000000000e+00 0.000000000000000000e+00
-1.000000000000000000e+00 0.000000000000000000e+00 0.000000000000000000e+00 0.000000000000000000e+00 0.000000000000000000e+00
1.000000000000000000e+00 0.000000000000000000e+00 0.000000000000000000e+00 0.000000000000000000e+00 0.000000000000000000e+00
-1.829440011786510889e-02 1.019471147779889231e+00 0.000000000000000000e+00 0.000000000000000000e+00 0.000000000000000000e+00
-9.382977346819650899e-01 1.974117825288990418e-03 0.000000000000000000e+00 0.000000000000000000e+00 0.000000000000000000e+00
1.511867097296474283e-01 -1.875004285894325481e-02 0.000000000000000000e+00 0.000000000000000000e+00 0.000000000000000000e+00
-1.528063855802513027e+00 9.450743089127601471e-02 0.000000000000000000e+00 0.000000000000000000e+00 0.000000000000000000e+00
4.609101604621803072e-01 9.074678314760511455e-01 0.000000000000000000e+00 0.000000000000000000e+00 0.000000000000000000e+00
0.000000000000000000e+00 -3.001479958757027333e-01 0.000000000000000000e+00 0.000000000000000000e+00 0.000000000000000000e+00
0.000000000000000000e+00 -1.252033083019519211e+00 0.000000000000000000e+00 0.000000000000000000e+00 0.000000000000000000e+00
0.000000000000000000e+00 -1.000000000000000000e+00 0.000000000000000000e+00 0.000000000000000000e+00 0.000000000000000000e+00
0.000000000000000000e+00 1.000000000000000000e+00 0.000000000000000000e+00 0.000000000000000000e+00 0.000000000000000000e+00
-4.845668809271018729e-01 -8.896280400280613065e+00 -9.071000655092671394e+00 0.000000000000000000e+00 0.000000000000000000e+00
3.941958952306634512e-02 2.587386322182509968e+00 2.895264914914936760e+00 0.000000000000000000e+00 0.000000000000000000e+00
-9.417105435713353234e-01 4.967670928736376418e-03 4.967670928736376418e-03 0.000000000000000000e+00 0.000000000000000000e+00
0.000000000000000000e+00 1.442905936317215865e+00 1.442905936317215865e+00 0.000000000000000000e+00 0.000000000000000000e+00
-1.582683149894056063e-01 -1.638418915112536609e-02 -1.638418915112536609e-02 0.000000000000000000e+00 0.000000000000000000e+00
-2.091661748364200601e+00 2.456054900696448273e-01 2.456054900696448273e-01 0.000000000000000000e+00 0.000000000000000000e+00
-9.135677961096596578e-01 8.786964566362863716e-01 8.786964566362863716e-01 0.000000000000000000e+00 0.000000000000000000e+00
0.000000000000000000e+00 0.000000000000000000e+00 1.743053932192918598e+00 0.000000000000000000e+00 0.000000000000000000e+00
0.000000000000000000e+00 0.000000000000000000e+00 -7.782558882678491941e-02 0.000000000000000000e+00 0.000000000000000000e+00
0.000000000000000000e+00 0.000000000000000000e+00 -1.000000000000000000e+00 0.000000000000000000e+00 0.000000000000000000e+00
0.000000000000000000e+00 0.000000000000000000e+00 1.000000000000000000e+00 0.000000000000000000e+00 0.000000000000000000e+00
-4.862101510871734700e-01 -8.065593733457530945e+00 -8.299003492521077163e+00 -8.594139552290990025e+00 0.000000000000000000e+00
0.000000000000000000e+00 2.807383779430238313e+00 2.807383779430238313e+00 2.807383779430238313e+00 0.000000000000000000e+00
-9.424429235930122939e-01 7.437297046856493343e-03 7.437297046856493343e-03 7.437297046856493343e-03 0.000000000000000000e+00
-4.293504745214804963e+00 3.922256451121124421e-01 3.922256451121124421e-01 3.922256451121124421e-01 0.000000000000000000e+00
3.855847297208555013e-01 1.207887091213349223e-02 1.207887091213349223e-02 1.207887091213349223e-02 0.000000000000000000e+00
1.065068758847087960e+00 -8.237648711701062165e-01 -8.237648711701062165e-01 -8.237648711701062165e-01 0.000000000000000000e+00
0.000000000000000000e+00 0.000000000000000000e+00 0.000000000000000000e+00 1.364477843113022448e+00 0.000000000000000000e+00
0.000000000000000000e+00 0.000000000000000000e+00 0.000000000000000000e+00 -5.190998205038650504e-01 0.000000000000000000e+00
0.000000000000000000e+00 0.000000000000000000e+00 0.000000000000000000e+00 -1.000000000000000000e+00 0.000000000000000000e+00
0.000000000000000000e+00 0.000000000000000000e+00 0.000000000000000000e+00 1.000000000000000000e+00 0.000000000000000000e+00
-8.031716404573017998e-02 -3.380071356871301447e+00 -2.023170710427650842e+00 -8.855190163885269250e-01 0.000000000000000000e+00
2.912824026178109094e-01 -3.850978685953563740e+00 -4.603283955578607589e+00 -5.368359872322543858e+00 -3.412942407584901527e+00
-5.091449078211410795e-01 -7.989454288385992697e+00 -7.604516619753512785e+00 -7.368948149710035089e+00 2.214951331252102307e+00
-7.598745502223347437e-02 -2.286859502288702384e+00 -2.931804903070162283e+00 -3.451625503485041602e+00 3.415906569791709315e-17
2.433036458004049774e+00 -8.520429248524868937e-01 -8.520429248524868937e-01 -8.520429248524868937e-01 1.595741001737157827e+00
-2.402969290148505355e+00 3.651989407235869400e+00 3.651989407235869400e+00 3.651989407235869400e+00 -1.595741001737157605e+00
-1.205787745807666012e+00 9.222755925096114138e-02 9.222755925096114138e-02 9.222755925096114138e-02 2.892345370379701547e-02
-8.209880735016406028e-01 -4.546422856358560693e+00 -4.546422856358560693e+00 -4.546422856358560693e+00 1.235240065045868585e+00
-1.702669809966298464e+00 1.306674238061633853e+00 1.306674238061633853e+00 1.306674238061633853e+00 -2.298964324850463647e+00
1.214018129515636257e+00 2.016067943200189116e+00 2.016067943200189116e+00 2.016067943200189116e+00 1.599798439023985885e+00
0.000000000000000000e+00 0.000000000000000000e+00 0.000000000000000000e+00 0.000000000000000000e+00 9.627157841786520009e-01
0.000000000000000000e+00 0.000000000000000000e+00 0.000000000000000000e+00 0.000000000000000000e+00 -1.424859542895127174e+00
0.000000000000000000e+00 0.000000000000000000e+00 0.000000000000000000e+00 0.000000000000000000e+00 -1.000000000000000000e+00
0.000000000000000000e+00 0.000000000000000000e+00 0.000000000000000000e+00 0.000000000000000000e+00 1.000000000000000000e+00
