8.691266088121363254e-02 0.000000000000000000e+00 0.000000000000000000e+00 0.000000000000000000e+00 0.000000000000000000e+00
1.000000000000000000e+00 0.000000000000000000e+00 0.000000000000000000e+00 0.000000000000000000e+00 0.000000000000000000e+00
1.000000000000000000e+00 0.000000000000000000e+00 0.000000000000000000e+00 0.000000000000000000e+00 0.000000000000000000e+00
1.173856046102067507e-02 -9.251254396505181887e+00 0.000000000000000000e+00 0.000000000000000000e+00 0.000000000000000000e+00
5.398581861546403182e-03 -2.388430006480851426e-03 0.000000000000000000e+00 0.000000000000000000e+00 0.000000000000000000e+00
2.977299220815802783e-01 5.851637661487705568e-03 0.000000000000000000e+00 0.000000000000000000e+00 0.000000000000000000e+00
-2.410461962011655412e+00 -8.220173233073946317e-01 0.000000000000000000e+00 0.000000000000000000e+00 0.000000000000000000e+00
-2.921650251491472172e+00 2.929153579045827849e-01 0.000000000000000000e+00 0.000000000000000000e+00 0.000000000000000000e+00
0.000000000000000000e+00 -1.289921269378147883e+00 0.000000000000000000e+00 0.000000000000000000e+00 0.000000000000000000e+00
0.000000000000000000e+00 1.887126279307107524e+00 0.000000000000000000e+00 0.000000000000000000e+00 0.000000000000000000e+00
0.000000000000000000e+00 1.000000000000000000e+00 0.000000000000000000e+00 0.000000000000000000e+00 0.000000000000000000e+00
0.000000000000000000e+00 1.000000000000000000e+00 0.000000000000000000e+00 0.000000000000000000e+00 0.000000000000000000e+00
-2.502758513163595988e-01 9.435875298102374131e+00 9.443963306972136706e+00 0.000000000000000000e+00 0.000000000000000000e+00
6.353744769807120538e-03 -7.272590786466235357e-01 -7.858591605798932456e-01 0.000000000000000000e+00 0.000000000000000000e+00
-8.727353271026679904e-01 3.331068004418444306e-04 3.331068004418444306e-04 0.000000000000000000e+00 0.000000000000000000e+00
-0.000000000000000000e+00 3.791017936844793823e-01 3.791017936844793823e-01 0.000000000000000000e+00 0.000000000000000000e+00
-3.655013648553051553e-02 -7.524374681179204528e-03 -7.524374681179204528e-03 0.000000000000000000e+00 0.000000000000000000e+00
7.115849419334313586e-02 -3.851937712561319394e-02 -3.851937712561319394e-02 0.000000000000000000e+00 0.000000000000000000e+00
3.763275958991464942e-01 -8.717959304216088556e-01 -8.717959304216088556e-01 0.000000000000000000e+00 0.000000000000000000e+00
0.000000000000000000e+00 0.000000000000000000e+00 1.669023063062627266e+00 0.000000000000000000e+00 0.000000000000000000e+00
0.000000000000000000e+00 0.000000000000000000e+00 -1.653721676092196002e+00 0.000000000000000000e+00 0.000000000000000000e+00
0.000000000000000000e+00 0.000000000000000000e+00 -1.000000000000000000e+00 0.000000000000000000e+00 0.000000000000000000e+00
0.000000000000000000e+00 0.000000000000000000e+00 1.000000000000000000e+00 0.000000000000000000e+00 0.000000000000000000e+00
-2.158449026408422178e-01 8.236477960557119005e+00 8.265005438429366080e+00 8.230825957591854092e+00 0.000000000000000000e+00
0.000000000000000000e+00 2.774998626832672066e-01 2.774998626832672066e-01 2.774998626832672066e-01 0.000000000000000000e+00
-6.517949593680806286e-01 -3.357037367723404459e-03 -3.357037367723404459e-03 -3.357037367723404459e-03 0.000000000000000000e+00
-1.098993970559504485e-01 4.541822590434973494e-01 4.541822590434973494e-01 4.541822590434973494e-01 0.000000000000000000e+00
-7.596193122975803957e-01 3.461395000806508429e-03 3.461395000806508429e-03 3.461395000806508429e-03 0.000000000000000000e+00
-2.579991505994201351e-01 7.451378142893897438e-01 7.451378142893897438e-01 7.451378142893897438e-01 0.000000000000000000e+00
0.000000000000000000e+00 0.000000000000000000e+00 0.000000000000000000e+00 -1.016019310012121757e-01 0.000000000000000000e+00
0.000000000000000000e+00 0.000000000000000000e+00 0.000000000000000000e+00 -4.344976533958977427e-01 0.000000000000000000e+00
0.000000000000000000e+00 0.000000000000000000e+00 0.000000000000000000e+00 -1.000000000000000000e+00 0.000000000000000000e+00
0.000000000000000000e+00 0.000000000000000000e+00 0.000000000000000000e+00 1.000000000000000000e+00 0.000000000000000000e+00
-1.349451481484180968e-04 -2.732878825384799648e-01 2.768190360017866447e-01 -9.876293574137341436e-01 0.000000000000000000e+00
-4.010618851165184129e-01 -1.761473052614885626e+00 -1.744584249537509901e+00 -1.832278761736181316e+00 -4.440474851420321833e+00
-1.349623014195303894e-01 8.040619077836794304e+00 8.060299327708486672e+00 8.001117079339620020e+00 -9.000077913315558398e-01
3.053009551490183660e-02 -4.518091840050028729e+00 -4.485565899358215702e+00 -4.469183092182162476e+00 -3.830233618718669116e-17
-5.641994565998638585e-03 3.695905794026496105e-01 3.695905794026496105e-01 3.695905794026496105e-01 3.725676056978464512e-04
-2.152095304533981901e-01 -8.873367935165910048e-02 -8.873367935165910048e-02 -8.873367935165910048e-02 -3.725676056978742610e-04
3.637270630065489452e-01 -1.491228125101854741e-02 -1.491228125101854741e-02 -1.491228125101854741e-02 -4.663756743770950397e-01
2.022705883204200250e-01 -4.038766336733718432e-01 -4.038766336733718432e-01 -4.038766336733718432e-01 4.247808769825017761e-02
2.259295535797156140e-01 4.422897078202337462e-01 4.422897078202337462e-01 4.422897078202337462e-01 -3.640310068584062253e-01
-7.845067795205043493e-02 2.045084923458358184e-01 2.045084923458358184e-01 2.045084923458358184e-01 3.555586992191828166e-01
0.000000000000000000e+00 0.000000000000000000e+00 0.000000000000000000e+00 0.000000000000000000e+00 -1.220609938537970951e+00
0.000000000000000000e+00 0.000000000000000000e+00 0.000000000000000000e+00 0.000000000000000000e+00 -2.554490236197235475e-01
0.000000000000000000e+00 0.000000000000000000e+00 0.000000000000000000e+00 0.000000000000000000e+00 -1.000000000000000000e+00
0.000000000000000000e+00 0.000000000000000000e+00 0.000000000000000000e+00 0.000000000000000000e+00 1.000000000000000000e+00
