1.452124627495425813e-01 0.000000000000000000e+00 0.000000000000000000e+00 0.000000000000000000e+00 0.000000000000000000e+00
1.000000000000000000e+00 0.000000000000000000e+00 0.000000000000000000e+00 0.000000000000000000e+00 0.000000000000000000e+00
1.000000000000000000e+00 0.000000000000000000e+00 0.000000000000000000e+00 0.000000000000000000e+00 0.000000000000000000e+00
-3.268472158067128180e-02 -9.754070651220663635e+00 0.000000000000000000e+00 0.000000000000000000e+00 0.000000000000000000e+00
-6.657757435439171090e-02 -2.481114391971212842e-03 0.000000000000000000e+00 0.000000000000000000e+00 0.000000000000000000e+00
6.875326362545608472e-01 2.049447456081041757e-02 0.000000000000000000e+00 0.000000000000000000e+00 0.000000000000000000e+00
1.490947441237025828e+00 -1.144809915571149084e+00 0.000000000000000000e+00 0.000000000000000000e+00 0.000000000000000000e+00
-2.367638398963161528e+00 1.366198605608837102e-01 0.000000000000000000e+00 0.000000000000000000e+00 0.000000000000000000e+00
0.000000000000000000e+00 1.761002303856645579e+00 0.000000000000000000e+00 0.000000000000000000e+00 0.000000000000000000e+00
0.000000000000000000e+00 -1.474545028802969338e+00 0.000000000000000000e+00 0.000000000000000000e+00 0.000000000000000000e+00
0.000000000000000000e+00 -1.000000000000000000e+00 0.000000000000000000e+00 0.000000000000000000e+00 0.000000000000000000e+00
0.000000000000000000e+00 1.000000000000000000e+00 0.000000000000000000e+00 0.000000000000000000e+00 0.000000000000000000e+00
-2.832403624527547459e-01 1.022751091115184252e+01 9.385059875976912380e+00 0.000000000000000000e+00 0.000000000000000000e+00
9.506472581606977001e-02 5.273248128895400288e-01 4.432471269797095825e-01 0.000000000000000000e+00 0.000000000000000000e+00
-1.167341367711699274e+00 -4.662195297163018314e-04 -4.662195297163018314e-04 0.000000000000000000e+00 0.000000000000000000e+00
0.000000000000000000e+00 -2.237067664640325915e-01 -2.237067664640325915e-01 0.000000000000000000e+00 0.000000000000000000e+00
-6.255312153694865263e-01 -2.106603331024470283e-02 -2.106603331024470283e-02 0.000000000000000000e+00 0.000000000000000000e+00
5.440310704087586657e+00 2.549723078384924513e-02 2.549723078384924513e-02 0.000000000000000000e+00 0.000000000000000000e+00
-1.034190441714253894e-01 -1.152651126886208965e+00 -1.152651126886208965e+00 0.000000000000000000e+00 0.000000000000000000e+00
0.000000000000000000e+00 0.000000000000000000e+00 -1.984709070320678226e+00 0.000000000000000000e+00 0.000000000000000000e+00
0.000000000000000000e+00 0.000000000000000000e+00 -8.571267001706242006e-01 0.000000000000000000e+00 0.000000000000000000e+00
0.000000000000000000e+00 0.000000000000000000e+00 -1.000000000000000000e+00 0.000000000000000000e+00 0.000000000000000000e+00
0.000000000000000000e+00 0.000000000000000000e+00 1.000000000000000000e+00 0.000000000000000000e+00 0.000000000000000000e+00
-3.202717140152248065e-01 1.020859979976980725e+01 8.678355770508760614e+00 7.836589162533245556e+00 0.000000000000000000e+00
0.000000000000000000e+00 5.937603578113358482e-01 5.937603578113358482e-01 5.937603578113358482e-01 0.000000000000000000e+00
-1.321094779505766148e+00 -8.834632830261243686e-03 -8.834632830261243686e-03 -8.834632830261243686e-03 0.000000000000000000e+00
1.069663661047898984e+01 5.494492012443453754e-01 5.494492012443453754e-01 5.494492012443453754e-01 0.000000000000000000e+00
-4.059299915374143253e-01 1.150844268551484695e-02 1.150844268551484695e-02 1.150844268551484695e-02 0.000000000000000000e+00
-6.473858670928515302e+00 1.013587837506763067e+00 1.013587837506763067e+00 1.013587837506763067e+00 0.000000000000000000e+00
0.000000000000000000e+00 0.000000000000000000e+00 0.000000000000000000e+00 8.174671242753683842e-01 0.000000000000000000e+00
0.000000000000000000e+00 0.000000000000000000e+00 0.000000000000000000e+00 -1.202313045002468161e+00 0.000000000000000000e+00
0.000000000000000000e+00 0.000000000000000000e+00 0.000000000000000000e+00 -1.000000000000000000e+00 0.000000000000000000e+00
0.000000000000000000e+00 0.000000000000000000e+00 0.000000000000000000e+00 1.000000000000000000e+00 0.000000000000000000e+00
-8.479532835711154487e-03 1.677057542602684859e-01 4.523618805879585647e-01 -1.137651814589397681e+00 0.000000000000000000e+00
5.932892043563950946e-01 -1.962278157849455473e+00 -8.857482643185204951e-01 -2.057695426519316584e+00 5.051073673750161142e+00
1.547211732527433714e-01 -9.960417177989549842e+00 -8.372748082250126345e+00 -7.082186347585409436e+00 -1.324655856615299721e+00
7.228094793722562861e-02 -4.818561223917080305e+00 -3.624169866988116162e+00 -5.087220597496083130e+00 -2.538411333720454911e-16
-4.701972677945112977e+00 2.976336352483030190e+00 2.976336352483030190e+00 2.976336352483030190e+00 2.890487513502486561e+00
4.870134359179479233e+00 -2.373741361841432695e+00 -2.373741361841432695e+00 -2.373741361841432695e+00 -2.890487513502488781e+00
4.379888451694098350e-01 1.023303906343724784e-01 1.023303906343724784e-01 1.023303906343724784e-01 2.334546894918241744e+00
-7.187611817695061411e+00 9.421204062671691304e+00 9.421204062671691304e+00 9.421204062671691304e+00 1.107593350418740563e+01
-5.105993326374354879e+00 1.561051342648486662e+00 1.561051342648486662e+00 1.561051342648486662e+00 6.652760313885754950e-01
2.088653388501178210e+00 -2.586720582620402720e+00 -2.586720582620402720e+00 -2.586720582620402720e+00 2.122248245653901577e-01
0.000000000000000000e+00 0.000000000000000000e+00 0.000000000000000000e+00 0.000000000000000000e+00 1.076395352837223207e+00
0.000000000000000000e+00 0.000000000000000000e+00 0.000000000000000000e+00 0.000000000000000000e+00 1.606352426688207213e+00
0.000000000000000000e+00 0.000000000000000000e+00 0.000000000000000000e+00 0.000000000000000000e+00 1.000000000000000000e+00
0.000000000000000000e+00 0.000000000000000000e+00 0.000000000000000000e+00 0.000000000000000000e+00 1.000000000000000000e+00
