-9.106950853287045788e-01 0.000000000000000000e+00 0.000000000000000000e+00 0.000000000000000000e+00 0.000000000000000000e+00
-1.000000000000000000e+00 0.000000000000000000e+00 0.000000000000000000e+00 0.000000000000000000e+00 0.000000000000000000e+00
1.000000000000000000e+00 0.000000000000000000e+00 0.000000000000000000e+00 0.000000000000000000e+00 0.000000000000000000e+00
-1.339908487308383578e-01 2.113566090960748767e+00 0.000000000000000000e+00 0.000000000000000000e+00 0.000000000000000000e+00
7.893062022756792695e-01 1.671679204304984678e-01 0.000000000000000000e+00 0.000000000000000000e+00 0.000000000000000000e+00
1.114057407390887544e+00 -7.589906072348462374e-01 0.000000000000000000e+00 0.000000000000000000e+00 0.000000000000000000e+00
1.715206864514590979e-01 -2.036782234086001453e-01 0.000000000000000000e+00 0.000000000000000000e+00 0.000000000000000000e+00
1.709261347719340352e+00 -9.676305030846699129e-01 0.000000000000000000e+00 0.000000000000000000e+00 0.000000000000000000e+00
0.000000000000000000e+00 -1.707938484768153575e+00 0.000000000000000000e+00 0.000000000000000000e+00 0.000000000000000000e+00
0.000000000000000000e+00 -4.292175043540154000e-01 0.000000000000000000e+00 0.000000000000000000e+00 0.000000000000000000e+00
0.000000000000000000e+00 -1.000000000000000000e+00 0.000000000000000000e+00 0.000000000000000000e+00 0.000000000000000000e+00
0.000000000000000000e+00 1.000000000000000000e+00 0.000000000000000000e+00 0.000000000000000000e+00 0.000000000000000000e+00
5.939907388722699411e-01 -1.083117453444959466e+01 -1.067295580023064971e+01 0.000000000000000000e+00 0.000000000000000000e+00
-7.692281792829749332e-01 -1.357527254247662185e+00 -7.849226326543505827e-01 0.000000000000000000e+00 0.000000000000000000e+00
1.289804574541863591e+00 -7.910431804053348614e-02 -7.910431804053348614e-02 0.000000000000000000e+00 0.000000000000000000e+00
0.000000000000000000e+00 -2.245120821815815848e+00 -2.245120821815815848e+00 0.000000000000000000e+00 0.000000000000000000e+00
3.002374049497405828e+00 -8.141358755295819982e-01 -8.141358755295819982e-01 0.000000000000000000e+00 0.000000000000000000e+00
-3.385743764995130523e+00 9.475033452837622328e-02 9.475033452837622328e-02 0.000000000000000000e+00 0.000000000000000000e+00
1.929576761071056579e+00 -9.842845032293943142e-01 -9.842845032293943142e-01 0.000000000000000000e+00 0.000000000000000000e+00
0.000000000000000000e+00 0.000000000000000000e+00 -5.371823370476622728e-01 0.000000000000000000e+00 0.000000000000000000e+00
0.000000000000000000e+00 0.000000000000000000e+00 -1.355515621277370464e+00 0.000000000000000000e+00 0.000000000000000000e+00
0.000000000000000000e+00 0.000000000000000000e+00 -1.000000000000000000e+00 0.000000000000000000e+00 0.000000000000000000e+00
0.000000000000000000e+00 0.000000000000000000e+00 1.000000000000000000e+00 0.000000000000000000e+00 0.000000000000000000e+00
5.483422957106943718e-01 -1.050584043878365392e+01 -1.045965879215860994e+01 -1.035906398838969977e+01 0.000000000000000000e+00
0.000000000000000000e+00 -6.662364745099907948e-01 -6.662364745099907948e-01 -6.662364745099907948e-01 0.000000000000000000e+00
1.110243165801045651e+00 -7.938224249290361245e-02 -7.938224249290361245e-02 -7.938224249290361245e-02 0.000000000000000000e+00
-6.222660983787723366e-01 9.508636001255588166e-02 9.508636001255588166e-02 9.508636001255588166e-02 0.000000000000000000e+00
-1.149460174837208193e+00 8.140276620988640133e-01 8.140276620988640133e-01 8.140276620988640133e-01 0.000000000000000000e+00
-6.092225496827516906e-01 9.842520984637712633e-01 9.842520984637712633e-01 9.842520984637712633e-01 0.000000000000000000e+00
0.000000000000000000e+00 0.000000000000000000e+00 0.000000000000000000e+00 1.578884347305824942e+00 0.000000000000000000e+00
0.000000000000000000e+00 0.000000000000000000e+00 0.000000000000000000e+00 1.035867594994581253e+00 0.000000000000000000e+00
0.000000000000000000e+00 0.000000000000000000e+00 0.000000000000000000e+00 1.000000000000000000e+00 0.000000000000000000e+00
0.000000000000000000e+00 0.000000000000000000e+00 0.000000000000000000e+00 1.000000000000000000e+00 0.000000000000000000e+00
1.259240496264348030e-01 -2.856177073084134932e+00 -1.331726330310408768e+00 5.002777564938501453e-02 0.000000000000000000e+00
6.525149724576065902e-01 9.298858923468704685e-01 7.464271126318613447e-01 6.310876764100981084e-01 -2.762966692692817028e-01
-9.321349017156932426e-01 1.048784412107262831e+01 1.043940945350779614e+01 1.036276639859930881e+01 -5.202840071367338393e-01
2.408598208392710438e-01 2.896084843795881381e-01 1.783212799287449690e-01 1.015509868211193489e-01 -1.325486069907642370e-16
9.507888239763598315e-02 -5.387836144658121329e-01 -5.387836144658121329e-01 -5.387836144658121329e-01 1.130072871016433167e-01
-2.164875781326471293e-01 -4.807061755127520208e-02 -4.807061755127520208e-02 -4.807061755127520208e-02 -1.130072871016432334e-01
1.376961164392982218e+00 -2.700534612935531070e-02 -2.700534612935531070e-02 -2.700534612935531070e-02 1.361061955928369205e+00
5.663768029649526303e-01 9.005743508798181862e-01 9.005743508798181862e-01 9.005743508798181862e-01 5.216070089476012583e-01
-4.388387304779227671e-01 1.282779307661333634e+00 1.282779307661333634e+00 1.282779307661333634e+00 -4.735810674507640039e-01
1.162615337420800365e+00 -2.009833220125233078e-01 -2.009833220125233078e-01 -2.009833220125233078e-01 1.309274487175443147e+00
0.000000000000000000e+00 0.000000000000000000e+00 0.000000000000000000e+00 0.000000000000000000e+00 3.112298503858892396e-01
0.000000000000000000e+00 0.000000000000000000e+00 0.000000000000000000e+00 0.000000000000000000e+00 5.980977135504446096e-01
0.000000000000000000e+00 0.000000000000000000e+00 0.000000000000000000e+00 0.000000000000000000e+00 1.000000000000000000e+00
0.000000000000000000e+00 0.000000000000000000e+00 0.000000000000000000e+00 0.000000000000000000e+00 1.000000000000000000e+00
