-6.232799587109996153e-01 0.000000000000000000e+00 0.000000000000000000e+00 0.000000000000000000e+00 0.000000000000000000e+00
-1.000000000000000000e+00 0.000000000000000000e+00 0.000000000000000000e+00 0.000000000000000000e+00 0.000000000000000000e+00
1.000000000000000000e+00 0.000000000000000000e+00 0.000000000000000000e+00 0.000000000000000000e+00 0.000000000000000000e+00
-1.285194782303410999e-01 -3.000099212467288279e+00 0.000000000000000000e+00 0.000000000000000000e+00 0.000000000000000000e+00
2.040369542166458494e+00 -1.142400881999757339e-01 0.000000000000000000e+00 0.000000000000000000e+00 0.000000000000000000e+00
1.136271452409491900e+00 -3.141844890594872042e-01 0.000000000000000000e+00 0.000000000000000000e+00 0.000000000000000000e+00
-4.319099124663232203e+00 4.499757614268135586e-01 0.000000000000000000e+00 0.000000000000000000e+00 0.000000000000000000e+00
6.561895678555056399e-01 -1.383844548982847700e+00 0.000000000000000000e+00 0.000000000000000000e+00 0.000000000000000000e+00
0.000000000000000000e+00 -1.959609473364885446e+00 0.000000000000000000e+00 0.000000000000000000e+00 0.000000000000000000e+00
0.000000000000000000e+00 -1.975981172869321068e+00 0.000000000000000000e+00 0.000000000000000000e+00 0.000000000000000000e+00
0.000000000000000000e+00 -1.000000000000000000e+00 0.000000000000000000e+00 0.000000000000000000e+00 0.000000000000000000e+00
0.000000000000000000e+00 1.000000000000000000e+00 0.000000000000000000e+00 0.000000000000000000e+00 0.000000000000000000e+00
-4.566930899875849825e-02 1.286155234455344409e+00 1.235997044982207749e+00 0.000000000000000000e+00 0.000000000000000000e+00
4.661156839849598388e-01 -1.013699650412753073e+01 -9.853080900036331968e+00 0.000000000000000000e+00 0.000000000000000000e+00
-1.045821224384157200e-01 8.978932293897845529e-02 8.978932293897845529e-02 0.000000000000000000e+00 0.000000000000000000e+00
0.000000000000000000e+00 -1.688486652030599000e+00 -1.688486652030599000e+00 0.000000000000000000e+00 0.000000000000000000e+00
-4.471023069514157289e-02 3.444801795720087711e-01 3.444801795720087711e-01 0.000000000000000000e+00 0.000000000000000000e+00
-1.539753481201450169e+00 1.413362361204340445e+00 1.413362361204340445e+00 0.000000000000000000e+00 0.000000000000000000e+00
-8.108907776317717531e-01 3.462813271778802937e-01 3.462813271778802937e-01 0.000000000000000000e+00 0.000000000000000000e+00
0.000000000000000000e+00 0.000000000000000000e+00 2.711228213342860016e-01 0.000000000000000000e+00 0.000000000000000000e+00
0.000000000000000000e+00 0.000000000000000000e+00 1.326992898011563060e+00 0.000000000000000000e+00 0.000000000000000000e+00
0.000000000000000000e+00 0.000000000000000000e+00 1.000000000000000000e+00 0.000000000000000000e+00 0.000000000000000000e+00
0.000000000000000000e+00 0.000000000000000000e+00 1.000000000000000000e+00 0.000000000000000000e+00 0.000000000000000000e+00
-5.139442384542417530e-01 1.050067762377818426e+01 1.026105057483460925e+01 9.523276374791876719e+00 0.000000000000000000e+00
0.000000000000000000e+00 -1.622592110718228176e+00 -1.622592110718228176e+00 -1.622592110718228176e+00 0.000000000000000000e+00
2.181104411590818692e+00 -1.258221419720945700e-01 -1.258221419720945700e-01 -1.258221419720945700e-01 0.000000000000000000e+00
5.215740125618610890e+00 -5.021519001813641303e-01 -5.021519001813641303e-01 -5.021519001813641303e-01 0.000000000000000000e+00
-1.172525346818784620e+00 2.959564808067909336e-01 2.959564808067909336e-01 2.959564808067909336e-01 0.000000000000000000e+00
-1.888706767464636282e-01 -1.365777211248390133e+00 -1.365777211248390133e+00 -1.365777211248390133e+00 0.000000000000000000e+00
0.000000000000000000e+00 0.000000000000000000e+00 0.000000000000000000e+00 6.589454131237104662e-02 0.000000000000000000e+00
0.000000000000000000e+00 0.000000000000000000e+00 0.000000000000000000e+00 -1.578235418151795688e+00 0.000000000000000000e+00
0.000000000000000000e+00 0.000000000000000000e+00 0.000000000000000000e+00 -1.000000000000000000e+00 0.000000000000000000e+00
0.000000000000000000e+00 0.000000000000000000e+00 0.000000000000000000e+00 1.000000000000000000e+00 0.000000000000000000e+00
-1.807126751714326074e-02 -2.060860003836564314e+00 -3.999459638902115310e-01 -6.232388470786394130e-01 0.000000000000000000e+00
-8.464169551554524551e-01 7.917024500754353156e+00 7.571966322489759094e+00 6.780908507664208607e+00 -1.963556722115500808e+00
4.089250764255207837e-01 6.779943067319359251e+00 6.789714561972048479e+00 6.501904722657278590e+00 2.081077278540714115e+00
-3.709326186689173577e-01 -3.844268663684844878e+00 -3.059973943945851538e+00 -3.185189647125370005e+00 1.659736366569028849e-16
-2.988059342851795641e+00 1.662960984618233606e-01 1.662960984618233606e-01 1.662960984618233606e-01 2.499713404686398910e+00
2.262119499830862690e+00 -1.663066067207957133e+00 -1.663066067207957133e+00 -1.663066067207957133e+00 -2.499713404686398022e+00
3.033775850850570777e+00 -1.783006939968107274e-01 -1.783006939968107274e-01 -1.783006939968107274e-01 -2.553492638751179378e+00
3.765859995584417419e-01 1.616584592606842286e+00 1.616584592606842286e+00 1.616584592606842286e+00 2.713642320150348453e-01
-6.541127631994700931e-01 1.845449540646628916e+00 1.845449540646628916e+00 1.845449540646628916e+00 2.569464898322530999e+00
-6.619253085358713928e-01 -1.143897960582747064e+00 -1.143897960582747064e+00 -1.143897960582747064e+00 2.521871699297841829e-01
0.000000000000000000e+00 0.000000000000000000e+00 0.000000000000000000e+00 0.000000000000000000e+00 -7.086773902020535587e-01
0.000000000000000000e+00 0.000000000000000000e+00 0.000000000000000000e+00 0.000000000000000000e+00 2.439920535389661360e-01
0.000000000000000000e+00 0.000000000000000000e+00 0.000000000000000000e+00 0.000000000000000000e+00 1.000000000000000000e+00
0.000000000000000000e+00 0.000000000000000000e+00 0.000000000000000000e+00 0.000000000000000000e+00 1.000000000000000000e+00
