1.029959457887328789e+00 0.000000000000000000e+00 0.000000000000000000e+00 0.000000000000000000e+00 0.000000000000000000e+00
1.000000000000000000e+00 0.000000000000000000e+00 0.000000000000000000e+00 0.000000000000000000e+00 0.000000000000000000e+00
1.000000000000000000e+00 0.000000000000000000e+00 0.000000000000000000e+00 0.000000000000000000e+00 0.000000000000000000e+00
-9.443989984564804541e-02 -9.851120798293058201e+00 0.000000000000000000e+00 0.000000000000000000e+00 0.000000000000000000e+00
1.085521864716502277e-03 1.632287753284150933e-01 0.000000000000000000e+00 0.000000000000000000e+00 0.000000000000000000e+00
1.696188477796452820e-01 1.009334970283319421e+00 0.000000000000000000e+00 0.000000000000000000e+00 0.000000000000000000e+00
1.428583580215007753e+00 1.020421582187372778e+00 0.000000000000000000e+00 0.000000000000000000e+00 0.000000000000000000e+00
2.194889035787542519e-01 1.609178543557895358e-01 0.000000000000000000e+00 0.000000000000000000e+00 0.000000000000000000e+00
0.000000000000000000e+00 1.445335136491083361e+00 0.000000000000000000e+00 0.000000000000000000e+00 0.000000000000000000e+00
0.000000000000000000e+00 7.565914310064503212e-02 0.000000000000000000e+00 0.000000000000000000e+00 0.000000000000000000e+00
0.000000000000000000e+00 1.000000000000000000e+00 0.000000000000000000e+00 0.000000000000000000e+00 0.000000000000000000e+00
0.000000000000000000e+00 1.000000000000000000e+00 0.000000000000000000e+00 0.000000000000000000e+00 0.000000000000000000e+00
7.402662740197633179e-05 -1.565014832216248486e+00 -1.975590676372497967e+00 0.000000000000000000e+00 0.000000000000000000e+00
4.889986523247898814e-03 -9.959930595112659546e+00 -9.569654626362476435e+00 0.000000000000000000e+00 0.000000000000000000e+00
1.278285139596317954e-01 -3.132443599800377454e-01 -3.132443599800377454e-01 0.000000000000000000e+00 0.000000000000000000e+00
-0.000000000000000000e+00 3.341139870360688491e+00 3.341139870360688491e+00 0.000000000000000000e+00 0.000000000000000000e+00
-6.869645691896800743e-01 8.560627888072648295e-01 8.560627888072648295e-01 0.000000000000000000e+00 0.000000000000000000e+00
3.175162982783847454e+00 9.819196613739720192e-01 9.819196613739720192e-01 0.000000000000000000e+00 0.000000000000000000e+00
-1.039980885495156659e+00 -3.209182759698734344e-01 -3.209182759698734344e-01 0.000000000000000000e+00 0.000000000000000000e+00
0.000000000000000000e+00 0.000000000000000000e+00 1.895804733869605574e+00 0.000000000000000000e+00 0.000000000000000000e+00
0.000000000000000000e+00 0.000000000000000000e+00 -2.940779401704807228e-02 0.000000000000000000e+00 0.000000000000000000e+00
0.000000000000000000e+00 0.000000000000000000e+00 -1.000000000000000000e+00 0.000000000000000000e+00 0.000000000000000000e+00
0.000000000000000000e+00 0.000000000000000000e+00 1.000000000000000000e+00 0.000000000000000000e+00 0.000000000000000000e+00
-2.228147136803565811e-02 -1.036108046140592975e+01 -9.542898022089486787e+00 -8.917589419845727505e+00 0.000000000000000000e+00
0.000000000000000000e+00 2.829725242871856672e+00 2.829725242871856672e+00 2.829725242871856672e+00 0.000000000000000000e+00
2.351415844133255995e+00 4.354374232682637347e-01 4.354374232682637347e-01 4.354374232682637347e-01 0.000000000000000000e+00
-4.250409998234450981e+00 -4.784379597660572969e-01 -4.784379597660572969e-01 -4.784379597660572969e-01 0.000000000000000000e+00
1.294158422672151865e+00 6.057298211972601543e-01 6.057298211972601543e-01 6.057298211972601543e-01 0.000000000000000000e+00
9.716870770626759857e-01 9.155609645999249757e-01 9.155609645999249757e-01 9.155609645999249757e-01 0.000000000000000000e+00
0.000000000000000000e+00 0.000000000000000000e+00 0.000000000000000000e+00 -5.114146274888322630e-01 0.000000000000000000e+00
0.000000000000000000e+00 0.000000000000000000e+00 0.000000000000000000e+00 -1.867528178109849168e+00 0.000000000000000000e+00
0.000000000000000000e+00 0.000000000000000000e+00 0.000000000000000000e+00 -1.000000000000000000e+00 0.000000000000000000e+00
0.000000000000000000e+00 0.000000000000000000e+00 0.000000000000000000e+00 1.000000000000000000e+00 0.000000000000000000e+00
-5.147084324839103914e-02 -6.776200400630341125e-01 -1.007816230133285584e+00 -7.382261199254886996e-01 0.000000000000000000e+00
8.961652156555315329e-01 4.731329306579078242e+00 4.262480887798420603e+00 3.877429386653396648e+00 -2.852150861472082521e+00
8.130584629312112566e-02 -9.313576619615485441e+00 -8.648175527135759211e+00 -8.152958200211074313e+00 -1.921686695008855583e+00
-5.220909854211088774e-01 -2.653579247875347935e+00 -2.624504398199403177e+00 -2.864403603608478566e+00 6.177677536474640945e-17
-1.745024169625736477e+00 2.182045700462230897e+00 2.182045700462230897e+00 2.182045700462230897e+00 -5.619767772704954423e-01
4.266401552268071495e-01 2.122421191413606245e-01 2.122421191413606245e-01 2.122421191413606245e-01 5.619767772704957753e-01
2.455799313308193454e+00 4.046605478409555090e-01 4.046605478409555090e-01 4.046605478409555090e-01 1.963519174082909213e+00
3.891698177904653555e+00 2.538156401937469830e+00 2.538156401937469830e+00 2.538156401937469830e+00 3.361675958140574405e+00
-1.331211675797962846e+00 -1.200245473669355079e+00 -1.200245473669355079e+00 -1.200245473669355079e+00 -3.342851021615960150e+00
7.344974394660619410e-01 5.953600989754059825e-03 5.953600989754059825e-03 5.953600989754059825e-03 1.631326301986344429e+00
0.000000000000000000e+00 0.000000000000000000e+00 0.000000000000000000e+00 0.000000000000000000e+00 1.791818016075832354e-01
0.000000000000000000e+00 0.000000000000000000e+00 0.000000000000000000e+00 0.000000000000000000e+00 -6.451971943237078122e-02
0.000000000000000000e+00 0.000000000000000000e+00 0.000000000000000000e+00 0.000000000000000000e+00 -1.000000000000000000e+00
0.000000000000000000e+00 0.000000000000000000e+00 0.000000000000000000e+00 0.000000000000000000e+00 1.000000000000000000e+00
