9.216037275030553033e-01 0.000000000000000000e+00 0.000000000000000000e+00 0.000000000000000000e+00 0.000000000000000000e+00
1.000000000000000000e+00 0.000000000000000000e+00 0.000000000000000000e+00 0.000000000000000000e+00 0.000000000000000000e+00
1.000000000000000000e+00 0.000000000000000000e+00 0.000000000000000000e+00 0.000000000000000000e+00 0.000000000000000000e+00
5.942436185380432778e-02 -2.067853050984063135e+00 0.000000000000000000e+00 0.000000000000000000e+00 0.000000000000000000e+00
9.463054736155234181e-01 1.865181081915691930e-01 0.000000000000000000e+00 0.000000000000000000e+00 0.000000000000000000e+00
-3.078340247477345804e-01 -7.630499533119721178e-01 0.000000000000000000e+00 0.000000000000000000e+00 0.000000000000000000e+00
-2.442819241200997749e-01 1.858283168930185136e-01 0.000000000000000000e+00 0.000000000000000000e+00 0.000000000000000000e+00
-1.782021326967057062e+00 8.032201534755907257e-01 0.000000000000000000e+00 0.000000000000000000e+00 0.000000000000000000e+00
0.000000000000000000e+00 -1.791224397210807506e+00 0.000000000000000000e+00 0.000000000000000000e+00 0.000000000000000000e+00
0.000000000000000000e+00 -4.045651085610475484e-01 0.000000000000000000e+00 0.000000000000000000e+00 0.000000000000000000e+00
0.000000000000000000e+00 -1.000000000000000000e+00 0.000000000000000000e+00 0.000000000000000000e+00 0.000000000000000000e+00
0.000000000000000000e+00 1.000000000000000000e+00 0.000000000000000000e+00 0.000000000000000000e+00 0.000000000000000000e+00
8.237826126933560644e-01 5.400256193732968946e+00 5.920479294259828329e+00 0.000000000000000000e+00 0.000000000000000000e+00
-1.184881679678849581e-01 -6.598184728219444573e+00 -6.744100423149400392e+00 0.000000000000000000e+00 0.000000000000000000e+00
1.311867628708460520e+00 4.245682754648079649e-01 4.245682754648079649e-01 0.000000000000000000e+00 0.000000000000000000e+00
0.000000000000000000e+00 -3.520844898164881442e+00 -3.520844898164881442e+00 0.000000000000000000e+00 0.000000000000000000e+00
8.653159095384092003e-01 1.919291166567737780e-02 1.919291166567737780e-02 0.000000000000000000e+00 0.000000000000000000e+00
-1.837209034671948960e+00 5.895141639471365158e-01 5.895141639471365158e-01 0.000000000000000000e+00 0.000000000000000000e+00
-3.157251924192649106e+00 5.763400288148935457e-01 5.763400288148935457e-01 0.000000000000000000e+00 0.000000000000000000e+00
0.000000000000000000e+00 0.000000000000000000e+00 -1.729620500954075268e+00 0.000000000000000000e+00 0.000000000000000000e+00
0.000000000000000000e+00 0.000000000000000000e+00 -5.819724555939824739e-01 0.000000000000000000e+00 0.000000000000000000e+00
0.000000000000000000e+00 0.000000000000000000e+00 -1.000000000000000000e+00 0.000000000000000000e+00 0.000000000000000000e+00
0.000000000000000000e+00 0.000000000000000000e+00 1.000000000000000000e+00 0.000000000000000000e+00 0.000000000000000000e+00
-2.174215894914464375e-01 -7.839937405783744540e-01 -7.061172097414752935e-01 -4.999514259537277683e-01 0.000000000000000000e+00
-0.000000000000000000e+00 -2.062570277069878166e+00 -2.062570277069878166e+00 -2.062570277069878166e+00 0.000000000000000000e+00
3.481415033151878669e-02 -4.192220497533575424e-02 -4.192220497533575424e-02 -4.192220497533575424e-02 0.000000000000000000e+00
-2.066474014289883421e+00 8.234287207701943556e-01 8.234287207701943556e-01 8.234287207701943556e-01 0.000000000000000000e+00
7.426894685039051591e-01 -8.452049247980482072e-01 -8.452049247980482072e-01 -8.452049247980482072e-01 0.000000000000000000e+00
2.790208024469742476e-02 4.074211726708820702e-02 4.074211726708820702e-02 4.074211726708820702e-02 0.000000000000000000e+00
0.000000000000000000e+00 0.000000000000000000e+00 0.000000000000000000e+00 1.458274621095003720e+00 0.000000000000000000e+00
0.000000000000000000e+00 0.000000000000000000e+00 0.000000000000000000e+00 1.347077916381288265e+00 0.000000000000000000e+00
0.000000000000000000e+00 0.000000000000000000e+00 0.000000000000000000e+00 1.000000000000000000e+00 0.000000000000000000e+00
0.000000000000000000e+00 0.000000000000000000e+00 0.000000000000000000e+00 1.000000000000000000e+00 0.000000000000000000e+00
2.993809453746585358e-01 4.034026482979729877e+00 2.720255608274715797e+00 1.888637152514650364e+00 0.000000000000000000e+00
-1.598795013175301705e+00 1.877242251325713651e-01 7.728206651254143633e-02 1.274586915084585876e-03 6.980200244771649132e+00
-5.415400626473196866e-01 -1.365586809871676355e+00 -9.971442441910184362e-01 -7.801996048472487066e-01 -5.166886685541779656e+00
9.949339287472217519e-01 7.831083681294627397e+00 8.112532032672971738e+00 8.222971896956090987e+00 1.946282941602186958e-16
2.803720081929163555e-01 -8.992693963157837311e-01 -8.992693963157837311e-01 -8.992693963157837311e-01 -1.851858103833874947e-01
5.092498779930400010e-01 -1.121378675778759160e+00 -1.121378675778759160e+00 -1.121378675778759160e+00 1.851858103833880498e-01
-3.392285681565725408e-01 1.152747949382314063e+00 1.152747949382314063e+00 1.152747949382314063e+00 2.261064350936496492e+00
-2.665300314764903478e-01 -2.108323834715324085e-01 -2.108323834715324085e-01 -2.108323834715324085e-01 -9.043664241213225097e-01
2.708917534897909096e+00 -1.238914746702019620e+00 -1.238914746702019620e+00 -1.238914746702019620e+00 2.128795686588881964e+00
1.390409825501503160e+00 1.645242394806856856e+00 1.645242394806856856e+00 1.645242394806856856e+00 -4.198531854291216447e-01
0.000000000000000000e+00 0.000000000000000000e+00 0.000000000000000000e+00 0.000000000000000000e+00 1.888452883122907711e+00
0.000000000000000000e+00 0.000000000000000000e+00 0.000000000000000000e+00 0.000000000000000000e+00 -1.297880619397401958e+00
0.000000000000000000e+00 0.000000000000000000e+00 0.000000000000000000e+00 0.000000000000000000e+00 -1.000000000000000000e+00
0.000000000000000000e+00 0.000000000000000000e+00 0.000000000000000000e+00 0.000000000000000000e+00 1.000000000000000000e+00
