-4.748199464656548408e-01 0.000000000000000000e+00 0.000000000000000000e+00 0.000000000000000000e+00 0.000000000000000000e+00
-1.000000000000000000e+00 0.000000000000000000e+00 0.000000000000000000e+00 0.000000000000000000e+00 0.000000000000000000e+00
1.000000000000000000e+00 0.000000000000000000e+00 0.000000000000000000e+00 0.000000000000000000e+00 0.000000000000000000e+00
-2.291031608983296608e-01 -7.329357916030946107e+00 0.000000000000000000e+00 0.000000000000000000e+00 0.000000000000000000e+00
8.580862038817005377e-01 1.119865591420338424e-01 0.000000000000000000e+00 0.000000000000000000e+00 0.000000000000000000e+00
1.215639211614502724e+00 2.579806365041059646e-02 0.000000000000000000e+00 0.000000000000000000e+00 0.000000000000000000e+00
-3.555197013686589580e-02 8.524266034933928315e-01 0.000000000000000000e+00 0.000000000000000000e+00 0.000000000000000000e+00
-7.795924766078158319e-01 7.598769766493792543e-01 0.000000000000000000e+00 0.000000000000000000e+00 0.000000000000000000e+00
0.000000000000000000e+00 -5.452963550871960940e-01 0.000000000000000000e+00 0.000000000000000000e+00 0.000000000000000000e+00
0.000000000000000000e+00 7.471835870439558214e-01 0.000000000000000000e+00 0.000000000000000000e+00 0.000000000000000000e+00
0.000000000000000000e+00 1.000000000000000000e+00 0.000000000000000000e+00 0.000000000000000000e+00 0.000000000000000000e+00
0.000000000000000000e+00 1.000000000000000000e+00 0.000000000000000000e+00 0.000000000000000000e+00 0.000000000000000000e+00
-1.092552432833423237e-01 4.372039460220111806e-01 4.688764385176220628e-01 0.000000000000000000e+00 0.000000000000000000e+00
-2.933343295573193066e-01 -9.882372114150232534e+00 -9.722808776330074565e+00 0.000000000000000000e+00 0.000000000000000000e+00
-2.802562883798258991e-02 7.820044420659970352e-03 7.820044420659970352e-03 0.000000000000000000e+00 0.000000000000000000e+00
0.000000000000000000e+00 3.887838290796018503e-01 3.887838290796018503e-01 0.000000000000000000e+00 0.000000000000000000e+00
-7.663827877295394941e-01 2.249108388296020555e-01 2.249108388296020555e-01 0.000000000000000000e+00 0.000000000000000000e+00
4.162012886077138263e-01 1.141259542415790973e+00 1.141259542415790973e+00 0.000000000000000000e+00 0.000000000000000000e+00
-7.827518512676059359e-01 3.963320363007138969e-02 3.963320363007138969e-02 0.000000000000000000e+00 0.000000000000000000e+00
0.000000000000000000e+00 0.000000000000000000e+00 9.340801841667980554e-01 0.000000000000000000e+00 0.000000000000000000e+00
0.000000000000000000e+00 0.000000000000000000e+00 -1.639778254114574896e+00 0.000000000000000000e+00 0.000000000000000000e+00
0.000000000000000000e+00 0.000000000000000000e+00 -1.000000000000000000e+00 0.000000000000000000e+00 0.000000000000000000e+00
0.000000000000000000e+00 0.000000000000000000e+00 1.000000000000000000e+00 0.000000000000000000e+00 0.000000000000000000e+00
-2.727552292610962992e-01 -4.148862223043274788e+00 -3.849348713115809506e+00 -3.645654328282115664e+00 0.000000000000000000e+00
0.000000000000000000e+00 -7.820558354855663419e-01 -7.820558354855663419e-01 -7.820558354855663419e-01 0.000000000000000000e+00
6.139846648890696645e-01 -8.061164109924236210e-02 -8.061164109924236210e-02 -8.061164109924236210e-02 0.000000000000000000e+00
-1.378561337175805868e+00 1.052519155398100148e+00 1.052519155398100148e+00 1.052519155398100148e+00 0.000000000000000000e+00
1.680981298599452778e+00 -1.575961645445326520e-01 -1.575961645445326520e-01 -1.575961645445326520e-01 0.000000000000000000e+00
1.259362389709925534e+00 4.429983764136755653e-01 4.429983764136755653e-01 4.429983764136755653e-01 0.000000000000000000e+00
0.000000000000000000e+00 0.000000000000000000e+00 0.000000000000000000e+00 -1.170839664565168192e+00 0.000000000000000000e+00
0.000000000000000000e+00 0.000000000000000000e+00 0.000000000000000000e+00 -4.095295766071758159e-01 0.000000000000000000e+00
0.000000000000000000e+00 0.000000000000000000e+00 0.000000000000000000e+00 -1.000000000000000000e+00 0.000000000000000000e+00
0.000000000000000000e+00 0.000000000000000000e+00 0.000000000000000000e+00 1.000000000000000000e+00 0.000000000000000000e+00
8.660900881614297386e-02 3.004074120776123458e+00 1.999050582325118786e+00 1.901235932622307612e+00 0.000000000000000000e+00
1.858089692758601308e-01 -2.049614156847133550e+00 -1.751154878187539454e+00 -1.551348781043727199e+00 8.036454416589915439e+00
-1.923638699157402543e-01 -3.598927115086271389e+00 -3.401785139441458217e+00 -3.327809153778923612e+00 -3.397072407954023987e+00
4.293429003032007141e-01 8.787407845333863321e+00 8.759839150576919309e+00 8.568350911597676145e+00 -5.208071655823044505e-17
9.688196142401559463e-01 -1.724934017834960642e-01 -1.724934017834960642e-01 -1.724934017834960642e-01 9.281849999677590501e-01
-4.408567610772433643e-01 -5.289507926028274021e-01 -5.289507926028274021e-01 -5.289507926028274021e-01 -9.281849999677593832e-01
-8.347442979163947063e-01 2.294197672337008054e-01 2.294197672337008054e-01 2.294197672337008054e-01 -5.299742360075709868e-01
-1.970694285215940922e-01 7.481170656299404031e-01 7.481170656299404031e-01 7.481170656299404031e-01 3.389070821248751919e-01
-8.729527895553186312e-01 1.055238617331196282e+00 1.055238617331196282e+00 1.055238617331196282e+00 8.613624997268556349e-01
6.173347658317769326e-01 -3.209908051299708576e-01 -3.209908051299708576e-01 -3.209908051299708576e-01 2.796486455054002507e-01
0.000000000000000000e+00 0.000000000000000000e+00 0.000000000000000000e+00 0.000000000000000000e+00 -1.542828767170929982e+00
0.000000000000000000e+00 0.000000000000000000e+00 0.000000000000000000e+00 0.000000000000000000e+00 7.084233621539546277e-01
0.000000000000000000e+00 0.000000000000000000e+00 0.000000000000000000e+00 0.000000000000000000e+00 1.000000000000000000e+00
0.000000000000000000e+00 0.000000000000000000e+00 0.000000000000000000e+00 0.000000000000000000e+00 1.000000000000000000e+00
