-9.128344020179270935e-01 0.000000000000000000e+00 0.000000000000000000e+00 0.000000000000000000e+00 0.000000000000000000e+00
-1.000000000000000000e+00 0.000000000000000000e+00 0.000000000000000000e+00 0.000000000000000000e+00 0.000000000000000000e+00
1.000000000000000000e+00 0.000000000000000000e+00 0.000000000000000000e+00 0.000000000000000000e+00 0.000000000000000000e+00
3.113179823252706369e-01 -4.603911085361277244e+00 0.000000000000000000e+00 0.000000000000000000e+00 0.000000000000000000e+00
3.709680633600129784e-01 -3.475791388716211183e-01 0.000000000000000000e+00 0.000000000000000000e+00 0.000000000000000000e+00
-2.822090444521656138e+00 -4.594434365623788485e-01 0.000000000000000000e+00 0.000000000000000000e+00 0.000000000000000000e+00
-2.220347161794101964e+00 8.436417459505144434e-01 0.000000000000000000e+00 0.000000000000000000e+00 0.000000000000000000e+00
4.095026498409437554e-01 -1.568828604308172281e+00 0.000000000000000000e+00 0.000000000000000000e+00 0.000000000000000000e+00
0.000000000000000000e+00 -1.412253297779267669e+00 0.000000000000000000e+00 0.000000000000000000e+00 0.000000000000000000e+00
0.000000000000000000e+00 1.327246386516018450e+00 0.000000000000000000e+00 0.000000000000000000e+00 0.000000000000000000e+00
0.000000000000000000e+00 1.000000000000000000e+00 0.000000000000000000e+00 0.000000000000000000e+00 0.000000000000000000e+00
0.000000000000000000e+00 1.000000000000000000e+00 0.000000000000000000e+00 0.000000000000000000e+00 0.000000000000000000e+00
1.094163145679226234e+00 -1.008490281150224277e+01 -9.297269070322034423e+00 0.000000000000000000e+00 0.000000000000000000e+00
8.921986343244017181e-01 2.240672513420503442e+00 3.068525819178860914e+00 0.000000000000000000e+00 0.000000000000000000e+00
2.884423615436304544e+00 2.081101581299591441e-01 2.081101581299591441e-01 0.000000000000000000e+00 0.000000000000000000e+00
-0.000000000000000000e+00 3.062799036149119747e-01 3.062799036149119747e-01 0.000000000000000000e+00 0.000000000000000000e+00
-3.349714308609221369e+00 -7.218683750156212886e-01 -7.218683750156212886e-01 0.000000000000000000e+00 0.000000000000000000e+00
-7.019967436439622510e+00 -4.605366052628969697e-01 -4.605366052628969697e-01 0.000000000000000000e+00 0.000000000000000000e+00
1.561782053220864164e+00 -1.720715147959964053e+00 -1.720715147959964053e+00 0.000000000000000000e+00 0.000000000000000000e+00
0.000000000000000000e+00 0.000000000000000000e+00 1.718533201394179866e+00 0.000000000000000000e+00 0.000000000000000000e+00
0.000000000000000000e+00 0.000000000000000000e+00 1.353252580390387649e+00 0.000000000000000000e+00 0.000000000000000000e+00
0.000000000000000000e+00 0.000000000000000000e+00 1.000000000000000000e+00 0.000000000000000000e+00 0.000000000000000000e+00
0.000000000000000000e+00 0.000000000000000000e+00 1.000000000000000000e+00 0.000000000000000000e+00 0.000000000000000000e+00
7.141503830950053366e-01 -9.874532665370180595e+00 -9.679804056125590250e+00 -1.019367203539226452e+01 0.000000000000000000e+00
-0.000000000000000000e+00 1.545724314211234462e+00 1.545724314211234462e+00 1.545724314211234462e+00 0.000000000000000000e+00
1.304222926822302897e+00 -8.520193319365813867e-02 -8.520193319365813867e-02 -8.520193319365813867e-02 0.000000000000000000e+00
-5.834766822494522387e+00 1.831066615393086572e-01 1.831066615393086572e-01 1.831066615393086572e-01 0.000000000000000000e+00
4.751042845429444661e+00 8.156566831918027338e-01 8.156566831918027338e-01 8.156566831918027338e-01 0.000000000000000000e+00
2.156935725263533499e+00 1.771842694966425880e+00 1.771842694966425880e+00 1.771842694966425880e+00 0.000000000000000000e+00
0.000000000000000000e+00 0.000000000000000000e+00 0.000000000000000000e+00 1.239444410596322488e+00 0.000000000000000000e+00
0.000000000000000000e+00 0.000000000000000000e+00 0.000000000000000000e+00 -2.257933224005093109e-01 0.000000000000000000e+00
0.000000000000000000e+00 0.000000000000000000e+00 0.000000000000000000e+00 -1.000000000000000000e+00 0.000000000000000000e+00
0.000000000000000000e+00 0.000000000000000000e+00 0.000000000000000000e+00 1.000000000000000000e+00 0.000000000000000000e+00
-1.273520084055360102e-01 -2.411996990132693419e+00 -1.134374994904845169e+00 -1.868400915521156724e-02 0.000000000000000000e+00
-5.843230359914109995e-01 -7.221012413005207797e+00 -7.521996066458518371e+00 -8.119957249221842588e+00 -5.488859393750693538e-01
8.011689715356778985e-01 -6.896997930780704777e+00 -6.213915101230476523e+00 -6.205130764320228032e+00 -2.618984609003035535e-01
-9.197114913934129055e-01 1.913626976198488983e+00 9.524735203926617544e-01 2.698354579195398895e-01 6.337317283723892742e-17
3.087210368581829734e+00 -1.274135005654895236e+00 -1.274135005654895236e+00 -1.274135005654895236e+00 2.862892197101449376e+00
-2.610154376984572089e+00 2.905061253059788573e+00 2.905061253059788573e+00 2.905061253059788573e+00 -2.862892197101449820e+00
2.802496251560835816e+00 -1.491724941366217791e-02 -1.491724941366217791e-02 -1.491724941366217791e-02 2.857749032804936196e+00
-1.465351469533158202e+00 1.860369237495429484e-02 1.860369237495429484e-02 1.860369237495429484e-02 -1.905044034210562121e+00
2.830102034507694597e+00 -1.695626390391543614e+00 -1.695626390391543614e+00 -1.695626390391543614e+00 2.962276383676186065e+00
4.569509607400889628e+00 2.580968315136640712e+00 2.580968315136640712e+00 2.580968315136640712e+00 3.927122199440393313e+00
0.000000000000000000e+00 0.000000000000000000e+00 0.000000000000000000e+00 0.000000000000000000e+00 1.316243301034143443e+00
0.000000000000000000e+00 0.000000000000000000e+00 0.000000000000000000e+00 0.000000000000000000e+00 7.490252871421900771e-01
0.000000000000000000e+00 0.000000000000000000e+00 0.000000000000000000e+00 0.000000000000000000e+00 1.000000000000000000e+00
0.000000000000000000e+00 0.000000000000000000e+00 0.000000000000000000e+00 0.000000000000000000e+00 1.000000000000000000e+00
