-2.057560175967103611e-01 0.000000000000000000e+00 0.000000000000000000e+00 0.000000000000000000e+00 0.000000000000000000e+00
-1.000000000000000000e+00 0.000000000000000000e+00 0.000000000000000000e+00 0.000000000000000000e+00 0.000000000000000000e+00
1.000000000000000000e+00 0.000000000000000000e+00 0.000000000000000000e+00 0.000000000000000000e+00 0.000000000000000000e+00
2.148018261767792314e-01 -7.963260410882341489e+00 0.000000000000000000e+00 0.000000000000000000e+00 0.000000000000000000e+00
9.299294954192365292e-01 -2.009548646872899580e-02 0.000000000000000000e+00 0.000000000000000000e+00 0.000000000000000000e+00
-1.938820960320813080e+00 1.330351599770588679e-02 0.000000000000000000e+00 0.000000000000000000e+00 0.000000000000000000e+00
-1.568927434589110437e+00 1.484899063426005084e+00 0.000000000000000000e+00 0.000000000000000000e+00 0.000000000000000000e+00
-1.812453068754606544e+00 -1.072619553196754838e+00 0.000000000000000000e+00 0.000000000000000000e+00 0.000000000000000000e+00
0.000000000000000000e+00 -2.105193473549227257e-01 0.000000000000000000e+00 0.000000000000000000e+00 0.000000000000000000e+00
0.000000000000000000e+00 -1.545292265854202096e+00 0.000000000000000000e+00 0.000000000000000000e+00 0.000000000000000000e+00
0.000000000000000000e+00 -1.000000000000000000e+00 0.000000000000000000e+00 0.000000000000000000e+00 0.000000000000000000e+00
0.000000000000000000e+00 1.000000000000000000e+00 0.000000000000000000e+00 0.000000000000000000e+00 0.000000000000000000e+00
6.286602221908584864e-01 -9.390564934222833671e+00 -9.075373322289099320e+00 0.000000000000000000e+00 0.000000000000000000e+00
-3.663945558123081758e-01 4.001666103644407890e+00 3.865301339228386368e+00 0.000000000000000000e+00 0.000000000000000000e+00
1.374421004579038819e+00 1.491241081313031056e-02 1.491241081313031056e-02 0.000000000000000000e+00 0.000000000000000000e+00
0.000000000000000000e+00 -1.308485275140052639e+00 -1.308485275140052639e+00 0.000000000000000000e+00 0.000000000000000000e+00
1.676305157805071833e+00 -3.004626197253881109e-02 -3.004626197253881109e-02 0.000000000000000000e+00 0.000000000000000000e+00
-1.115185148416767191e+00 -6.978630832013488217e-01 -6.978630832013488217e-01 0.000000000000000000e+00 0.000000000000000000e+00
1.874723125094009735e+00 -1.693642539489410792e+00 -1.693642539489410792e+00 0.000000000000000000e+00 0.000000000000000000e+00
0.000000000000000000e+00 0.000000000000000000e+00 -1.097965927785129914e+00 0.000000000000000000e+00 0.000000000000000000e+00
0.000000000000000000e+00 0.000000000000000000e+00 2.241921878200976437e-01 0.000000000000000000e+00 0.000000000000000000e+00
0.000000000000000000e+00 0.000000000000000000e+00 1.000000000000000000e+00 0.000000000000000000e+00 0.000000000000000000e+00
0.000000000000000000e+00 0.000000000000000000e+00 1.000000000000000000e+00 0.000000000000000000e+00 0.000000000000000000e+00
-4.653818762375971363e-01 4.522270156013692421e+00 4.241077311257602567e+00 4.793664628058541766e+00 0.000000000000000000e+00
0.000000000000000000e+00 -2.493956606971321932e+00 -2.493956606971321932e+00 -2.493956606971321932e+00 0.000000000000000000e+00
7.203744382846023475e-01 -1.709712060089699226e-02 -1.709712060089699226e-02 -1.709712060089699226e-02 0.000000000000000000e+00
4.169858543967125186e+00 -1.633064875639794522e+00 -1.633064875639794522e+00 -1.633064875639794522e+00 0.000000000000000000e+00
1.982467110215259565e+00 -2.496100382985894095e-02 -2.496100382985894095e-02 -2.496100382985894095e-02 0.000000000000000000e+00
-2.701020176224564473e+00 -8.297813244554339551e-01 -8.297813244554339551e-01 -8.297813244554339551e-01 0.000000000000000000e+00
0.000000000000000000e+00 0.000000000000000000e+00 0.000000000000000000e+00 -1.185471331831269293e+00 0.000000000000000000e+00
0.000000000000000000e+00 0.000000000000000000e+00 0.000000000000000000e+00 -7.517981611369597417e-01 0.000000000000000000e+00
0.000000000000000000e+00 0.000000000000000000e+00 0.000000000000000000e+00 -1.000000000000000000e+00 0.000000000000000000e+00
0.000000000000000000e+00 0.000000000000000000e+00 0.000000000000000000e+00 1.000000000000000000e+00 0.000000000000000000e+00
2.480805470384959688e-01 -4.362250289854353369e+00 -3.265531196832196059e+00 -1.981174203552211521e+00 0.000000000000000000e+00
4.771572144690150452e-01 8.940703993489046431e-01 1.641541805992177139e-01 -3.358457150000193625e-01 8.804787701688114865e+00
1.361077548477162447e+00 -3.904567641577600501e+00 -3.616387443405303159e+00 -4.369033076026616058e+00 -2.345168165297371043e+00
1.056661315871168183e+00 -1.073011197898464175e+01 -1.000752951378804845e+01 -9.627910430194859259e+00 -1.747617428593120766e-17
1.984039066316175326e+00 -3.006375917837626144e+00 -3.006375917837626144e+00 -3.006375917837626144e+00 4.291188841590929393e-01
-8.726280547012990052e-01 5.295164314672019534e-01 5.295164314672019534e-01 5.295164314672019534e-01 -4.291188841590929948e-01
-1.460321689138308399e+00 2.624291644099758791e-01 2.624291644099758791e-01 2.624291644099758791e-01 -2.612710046097141081e+00
-5.075092790558066724e+00 -3.640364218383972172e+00 -3.640364218383972172e+00 -3.640364218383972172e+00 4.244659920795773367e+00
-1.472759862697594180e+00 -2.569388034700760048e+00 -2.569388034700760048e+00 -2.569388034700760048e+00 -2.200201973286219470e+00
-3.010771769374478879e+00 -1.560344941027998145e+00 -1.560344941027998145e+00 -1.560344941027998145e+00 1.687628474897823638e+00
0.000000000000000000e+00 0.000000000000000000e+00 0.000000000000000000e+00 0.000000000000000000e+00 -1.402687355925043899e+00
0.000000000000000000e+00 0.000000000000000000e+00 0.000000000000000000e+00 0.000000000000000000e+00 -1.523846683300708271e+00
0.000000000000000000e+00 0.000000000000000000e+00 0.000000000000000000e+00 0.000000000000000000e+00 -1.000000000000000000e+00
0.000000000000000000e+00 0.000000000000000000e+00 0.000000000000000000e+00 0.000000000000000000e+00 1.000000000000000000e+00
