9.084722740185591228e-01 0.000000000000000000e+00 0.000000000000000000e+00 0.000000000000000000e+00 0.000000000000000000e+00
1.000000000000000000e+00 0.000000000000000000e+00 0.000000000000000000e+00 0.000000000000000000e+00 0.000000000000000000e+00
1.000000000000000000e+00 0.000000000000000000e+00 0.000000000000000000e+00 0.000000000000000000e+00 0.000000000000000000e+00
-3.528277393289125895e-03 -9.936314859732689797e+00 0.000000000000000000e+00 0.000000000000000000e+00 0.000000000000000000e+00
5.883495752989510025e-03 3.696556410050162722e-02 0.000000000000000000e+00 0.000000000000000000e+00 0.000000000000000000e+00
1.206467391389845489e-01 8.220038818489132648e-01 0.000000000000000000e+00 0.000000000000000000e+00 0.000000000000000000e+00
1.502335151609532460e+00 -2.267052702806097997e-01 0.000000000000000000e+00 0.000000000000000000e+00 0.000000000000000000e+00
6.134914875697616149e-02 -1.017441532439998519e-02 0.000000000000000000e+00 0.000000000000000000e+00 0.000000000000000000e+00
0.000000000000000000e+00 1.503575005071693393e+00 0.000000000000000000e+00 0.000000000000000000e+00 0.000000000000000000e+00
0.000000000000000000e+00 -7.790229432648754226e-02 0.000000000000000000e+00 0.000000000000000000e+00 0.000000000000000000e+00
0.000000000000000000e+00 -1.000000000000000000e+00 0.000000000000000000e+00 0.000000000000000000e+00 0.000000000000000000e+00
0.000000000000000000e+00 1.000000000000000000e+00 0.000000000000000000e+00 0.000000000000000000e+00 0.000000000000000000e+00
-2.861704322352313645e-01 -6.337560997927372597e+00 -6.239301469183343940e+00 0.000000000000000000e+00 0.000000000000000000e+00
-1.146104468385464176e-01 -7.771979291652407973e+00 -7.298854311921859406e+00 0.000000000000000000e+00 0.000000000000000000e+00
-1.307119873340481853e+00 -4.122154144038158163e-01 -4.122154144038158163e-01 0.000000000000000000e+00 0.000000000000000000e+00
0.000000000000000000e+00 1.729097368422638725e+00 1.729097368422638725e+00 0.000000000000000000e+00 0.000000000000000000e+00
3.382017161457316901e-01 3.834060515063353325e-02 3.834060515063353325e-02 0.000000000000000000e+00 0.000000000000000000e+00
4.554794225806646502e-02 -1.641511381232358957e-01 -1.641511381232358957e-01 0.000000000000000000e+00 0.000000000000000000e+00
-2.456455285244952158e+00 1.566946143077163622e-01 1.566946143077163622e-01 0.000000000000000000e+00 0.000000000000000000e+00
0.000000000000000000e+00 0.000000000000000000e+00 2.255223633509455539e-01 0.000000000000000000e+00 0.000000000000000000e+00
0.000000000000000000e+00 0.000000000000000000e+00 -1.243238818619336605e+00 0.000000000000000000e+00 0.000000000000000000e+00
0.000000000000000000e+00 0.000000000000000000e+00 -1.000000000000000000e+00 0.000000000000000000e+00 0.000000000000000000e+00
0.000000000000000000e+00 0.000000000000000000e+00 1.000000000000000000e+00 0.000000000000000000e+00 0.000000000000000000e+00
-2.835018841367156761e-01 -9.338443495307213738e+00 -9.025369614442757538e+00 -9.053037711570244284e+00 0.000000000000000000e+00
-0.000000000000000000e+00 2.549985680805923138e+00 2.549985680805923138e+00 2.549985680805923138e+00 0.000000000000000000e+00
-5.231397595373026288e-01 2.520075583761396953e-01 2.520075583761396953e-01 2.520075583761396953e-01 0.000000000000000000e+00
-1.137153038962471996e+00 7.320663715290121054e-02 7.320663715290121054e-02 7.320663715290121054e-02 0.000000000000000000e+00
-6.908300724926194070e-01 6.535479749620080048e-01 6.535479749620080048e-01 6.535479749620080048e-01 0.000000000000000000e+00
2.306457198060578584e+00 -2.148012722889722781e-01 -2.148012722889722781e-01 -2.148012722889722781e-01 0.000000000000000000e+00
0.000000000000000000e+00 0.000000000000000000e+00 0.000000000000000000e+00 8.208883123832841910e-01 0.000000000000000000e+00
0.000000000000000000e+00 0.000000000000000000e+00 0.000000000000000000e+00 1.897610904727711656e+00 0.000000000000000000e+00
0.000000000000000000e+00 0.000000000000000000e+00 0.000000000000000000e+00 1.000000000000000000e+00 0.000000000000000000e+00
0.000000000000000000e+00 0.000000000000000000e+00 0.000000000000000000e+00 1.000000000000000000e+00 0.000000000000000000e+00
-8.434106446212227132e-03 -1.154892935085320094e+00 -1.318245874859711009e+00 -5.184803207654254953e-01 0.000000000000000000e+00
5.160480850912865236e-01 -5.591987888397581763e+00 -5.610214781544165419e+00 -5.635678701539027280e+00 -1.884716045657921279e+00
-4.477422182253845140e-01 -7.376090216972143843e+00 -7.104426375625151557e+00 -7.135805128195426228e+00 1.452257404252886852e+00
9.146854866844569831e-02 -1.264147008502323200e+00 -1.572160048704644097e+00 -1.877390864564550732e+00 -1.091803084256404499e-17
4.978482513736597337e-01 2.087335798999188974e+00 2.087335798999188974e+00 2.087335798999188974e+00 8.712211155592347600e-02
-2.016419585181087881e-01 2.106423234305950243e-01 2.106423234305950243e-01 2.106423234305950243e-01 -8.712211155592343437e-02
5.959344507875199426e-01 -1.502490995482143599e-01 -1.502490995482143599e-01 -1.502490995482143599e-01 5.288681619138692058e-01
9.652552592767610351e-01 -1.657088238787493450e+00 -1.657088238787493450e+00 -1.657088238787493450e+00 3.801760717573415271e-01
-2.290307549742966575e+00 -4.283239529216396058e-01 -4.283239529216396058e-01 -4.283239529216396058e-01 -2.360372483722920300e+00
5.994529850091711021e-01 5.786125265405570595e-01 5.786125265405570595e-01 5.786125265405570595e-01 7.432739486731733125e-01
0.000000000000000000e+00 0.000000000000000000e+00 0.000000000000000000e+00 0.000000000000000000e+00 9.126124107515489747e-01
0.000000000000000000e+00 0.000000000000000000e+00 0.000000000000000000e+00 0.000000000000000000e+00 -1.372586280730494934e+00
0.000000000000000000e+00 0.000000000000000000e+00 0.000000000000000000e+00 0.000000000000000000e+00 -1.000000000000000000e+00
0.000000000000000000e+00 0.000000000000000000e+00 0.000000000000000000e+00 0.000000000000000000e+00 1.000000000000000000e+00
