-1.856952761714790956e+00 0.000000000000000000e+00 0.000000000000000000e+00 0.000000000000000000e+00 0.000000000000000000e+00
-1.000000000000000000e+00 0.000000000000000000e+00 0.000000000000000000e+00 0.000000000000000000e+00 0.000000000000000000e+00
1.000000000000000000e+00 0.000000000000000000e+00 0.000000000000000000e+00 0.000000000000000000e+00 0.000000000000000000e+00
-3.149887981434131845e-01 -8.062749569254423321e+00 0.000000000000000000e+00 0.000000000000000000e+00 0.000000000000000000e+00
1.530298932994640815e+00 1.636632815333765478e+00 0.000000000000000000e+00 0.000000000000000000e+00 0.000000000000000000e+00
1.900090336567517468e+00 1.084584090997879224e+00 0.000000000000000000e+00 0.000000000000000000e+00 0.000000000000000000e+00
-5.920882609636172189e-01 9.946755761442207522e-01 0.000000000000000000e+00 0.000000000000000000e+00 0.000000000000000000e+00
-9.164975008490241493e-01 7.182747900513275496e-01 0.000000000000000000e+00 0.000000000000000000e+00 0.000000000000000000e+00
0.000000000000000000e+00 -1.016567566841858561e+00 0.000000000000000000e+00 0.000000000000000000e+00 0.000000000000000000e+00
0.000000000000000000e+00 6.295966384208595557e-01 0.000000000000000000e+00 0.000000000000000000e+00 0.000000000000000000e+00
0.000000000000000000e+00 1.000000000000000000e+00 0.000000000000000000e+00 0.000000000000000000e+00 0.000000000000000000e+00
0.000000000000000000e+00 1.000000000000000000e+00 0.000000000000000000e+00 0.000000000000000000e+00 0.000000000000000000e+00
9.374386051652803253e-01 9.403595308605371628e+00 9.125468050147411248e+00 0.000000000000000000e+00 0.000000000000000000e+00
-1.346430953057931312e-01 9.336364793334164247e-01 1.158426071607911112e+00 0.000000000000000000e+00 0.000000000000000000e+00
1.249520932194982725e+00 -1.280024415995040798e-01 -1.280024415995040798e-01 0.000000000000000000e+00 0.000000000000000000e+00
0.000000000000000000e+00 -1.847383607397949934e+00 -1.847383607397949934e+00 0.000000000000000000e+00 0.000000000000000000e+00
5.619403029817259254e-01 -3.438757339379046929e+00 -3.438757339379046929e+00 0.000000000000000000e+00 0.000000000000000000e+00
9.969077919973684532e-02 -4.557510180745921735e-02 -4.557510180745921735e-02 0.000000000000000000e+00 0.000000000000000000e+00
-1.844953778552611556e+00 1.226059169003011595e+00 1.226059169003011595e+00 0.000000000000000000e+00 0.000000000000000000e+00
0.000000000000000000e+00 0.000000000000000000e+00 -8.308160405560918171e-01 0.000000000000000000e+00 0.000000000000000000e+00
0.000000000000000000e+00 0.000000000000000000e+00 -8.059163495580667913e-01 0.000000000000000000e+00 0.000000000000000000e+00
0.000000000000000000e+00 0.000000000000000000e+00 -1.000000000000000000e+00 0.000000000000000000e+00 0.000000000000000000e+00
0.000000000000000000e+00 0.000000000000000000e+00 1.000000000000000000e+00 0.000000000000000000e+00 0.000000000000000000e+00
9.638393313727253719e-01 2.688936196477440532e+00 3.128710557249942958e+00 3.325054937548759693e+00 0.000000000000000000e+00
-0.000000000000000000e+00 -3.607715412633055063e+00 -3.607715412633055063e+00 -3.607715412633055063e+00 0.000000000000000000e+00
8.318639061480723740e-01 8.950909430170047587e-01 8.950909430170047587e-01 8.950909430170047587e-01 0.000000000000000000e+00
-3.314183892335270887e+00 1.181492345602551453e+00 1.181492345602551453e+00 1.181492345602551453e+00 0.000000000000000000e+00
-3.082422949106544685e+00 -2.947174808909494903e+00 -2.947174808909494903e+00 -2.947174808909494903e+00 0.000000000000000000e+00
1.544050965549317533e+00 -3.307174218025086265e-01 -3.307174218025086265e-01 -3.307174218025086265e-01 0.000000000000000000e+00
0.000000000000000000e+00 0.000000000000000000e+00 0.000000000000000000e+00 -1.760331805235105573e+00 0.000000000000000000e+00
0.000000000000000000e+00 0.000000000000000000e+00 0.000000000000000000e+00 9.467395715536111034e-01 0.000000000000000000e+00
0.000000000000000000e+00 0.000000000000000000e+00 0.000000000000000000e+00 1.000000000000000000e+00 0.000000000000000000e+00
0.000000000000000000e+00 0.000000000000000000e+00 0.000000000000000000e+00 1.000000000000000000e+00 0.000000000000000000e+00
3.298246903571686039e-01 3.908302807105804799e+00 2.882763809162967483e+00 1.717611489861742058e+00 0.000000000000000000e+00
-4.391448727445869116e-01 5.011633476322630010e-01 5.186756621688215496e-02 -2.959611014043461719e-01 -7.621023933728812594e+00
-2.318496001661014105e+00 -2.374931160662852037e+00 -3.498940205438836326e+00 -3.863182922564533328e+00 2.119746200736905895e+00
8.700510267490696448e-01 6.736404620327383519e+00 6.425838726624643726e+00 6.897340002824897454e+00 -2.024369704674330165e-16
2.409288541875063583e+00 -5.658515919387300919e+00 -5.658515919387300919e+00 -5.658515919387300919e+00 -1.751248165600496343e+00
-2.014246512019435720e+00 1.155709563737239431e+00 1.155709563737239431e+00 1.155709563737239431e+00 1.751248165600495676e+00
2.231389102027364624e-01 -1.575823961576321874e+00 -1.575823961576321874e+00 -1.575823961576321874e+00 -3.253236451088327819e+00
6.953200952568579396e+00 3.613163365048258413e+00 3.613163365048258413e+00 3.613163365048258413e+00 -1.451294191867819272e+00
1.848351394711579943e+00 -1.405848236692413433e+00 -1.405848236692413433e+00 -1.405848236692413433e+00 -4.502609198265378865e+00
4.306468493701983924e+00 2.720909527147585383e+00 2.720909527147585383e+00 2.720909527147585383e+00 4.123848020810336745e-01
0.000000000000000000e+00 0.000000000000000000e+00 0.000000000000000000e+00 0.000000000000000000e+00 -1.544840244857042411e+00
0.000000000000000000e+00 0.000000000000000000e+00 0.000000000000000000e+00 0.000000000000000000e+00 -1.381774864658966262e+00
0.000000000000000000e+00 0.000000000000000000e+00 0.000000000000000000e+00 0.000000000000000000e+00 -1.000000000000000000e+00
0.000000000000000000e+00 0.000000000000000000e+00 0.000000000000000000e+00 0.000000000000000000e+00 1.000000000000000000e+00
