1.046427898283486257e+00 0.000000000000000000e+00 0.000000000000000000e+00 0.000000000000000000e+00 0.000000000000000000e+00
1.000000000000000000e+00 0.000000000000000000e+00 0.000000000000000000e+00 0.000000000000000000e+00 0.000000000000000000e+00
1.000000000000000000e+00 0.000000000000000000e+00 0.000000000000000000e+00 0.000000000000000000e+00 0.000000000000000000e+00
4.275907395134220801e-01 3.911765619751300438e+00 0.000000000000000000e+00 0.000000000000000000e+00 0.000000000000000000e+00
-9.068576596502769815e-01 -3.871813788720836480e-01 0.000000000000000000e+00 0.000000000000000000e+00 0.000000000000000000e+00
-2.162058937928638347e+00 -7.742171323070252686e-01 0.000000000000000000e+00 0.000000000000000000e+00 0.000000000000000000e+00
2.528006430475225663e+00 -5.528456791461362069e-02 0.000000000000000000e+00 0.000000000000000000e+00 0.000000000000000000e+00
-1.038962859616781476e+00 1.334510056692995716e-01 0.000000000000000000e+00 0.000000000000000000e+00 0.000000000000000000e+00
0.000000000000000000e+00 -1.927393818674179027e+00 0.000000000000000000e+00 0.000000000000000000e+00 0.000000000000000000e+00
0.000000000000000000e+00 -1.392080782108843451e+00 0.000000000000000000e+00 0.000000000000000000e+00 0.000000000000000000e+00
0.000000000000000000e+00 -1.000000000000000000e+00 0.000000000000000000e+00 0.000000000000000000e+00 0.000000000000000000e+00
0.000000000000000000e+00 1.000000000000000000e+00 0.000000000000000000e+00 0.000000000000000000e+00 0.000000000000000000e+00
-1.183908616098504618e-01 5.453105420196314945e+00 5.677216506881182845e+00 0.000000000000000000e+00 0.000000000000000000e+00
-4.708189970154497139e-02 7.314092017411093494e+00 7.444745793360302955e+00 0.000000000000000000e+00 0.000000000000000000e+00
-3.358638307410231200e-02 -5.462725307819377152e-01 -5.462725307819377152e-01 0.000000000000000000e+00 0.000000000000000000e+00
0.000000000000000000e+00 -1.277833748769914290e+00 -1.277833748769914290e+00 0.000000000000000000e+00 0.000000000000000000e+00
-1.305479165986589141e-01 7.345159624714117652e-02 7.345159624714117652e-02 0.000000000000000000e+00 0.000000000000000000e+00
9.397649537933906450e-01 -1.055110944894393638e-01 -1.055110944894393638e-01 0.000000000000000000e+00 0.000000000000000000e+00
-8.659032140580652515e-01 9.865578190503396239e-02 9.865578190503396239e-02 0.000000000000000000e+00 0.000000000000000000e+00
0.000000000000000000e+00 0.000000000000000000e+00 6.495600699042647364e-01 0.000000000000000000e+00 0.000000000000000000e+00
0.000000000000000000e+00 0.000000000000000000e+00 1.295376398788240735e+00 0.000000000000000000e+00 0.000000000000000000e+00
0.000000000000000000e+00 0.000000000000000000e+00 1.000000000000000000e+00 0.000000000000000000e+00 0.000000000000000000e+00
0.000000000000000000e+00 0.000000000000000000e+00 1.000000000000000000e+00 0.000000000000000000e+00 0.000000000000000000e+00
4.765700341327533396e-01 -7.670112644111958033e+00 -8.244528763084952416e+00 -8.670990114241837077e+00 0.000000000000000000e+00
-0.000000000000000000e+00 -3.143895715128757207e+00 -3.143895715128757207e+00 -3.143895715128757207e+00 0.000000000000000000e+00
-1.107424450657465753e+00 4.740171123916007145e-01 4.740171123916007145e-01 4.740171123916007145e-01 0.000000000000000000e+00
1.141868210764851455e-02 -7.219334582856795635e-02 -7.219334582856795635e-02 -7.219334582856795635e-02 0.000000000000000000e+00
-1.530555684412609141e+00 5.479789751245751628e-01 5.479789751245751628e-01 5.479789751245751628e-01 0.000000000000000000e+00
-3.623146366831235365e+00 1.251146481501254071e-01 1.251146481501254071e-01 1.251146481501254071e-01 0.000000000000000000e+00
0.000000000000000000e+00 0.000000000000000000e+00 0.000000000000000000e+00 -1.866061966358842472e+00 0.000000000000000000e+00
0.000000000000000000e+00 0.000000000000000000e+00 0.000000000000000000e+00 1.438680424745051756e+00 0.000000000000000000e+00
0.000000000000000000e+00 0.000000000000000000e+00 0.000000000000000000e+00 1.000000000000000000e+00 0.000000000000000000e+00
0.000000000000000000e+00 0.000000000000000000e+00 0.000000000000000000e+00 1.000000000000000000e+00 0.000000000000000000e+00
-1.116250134124117388e-01 1.203906459418398800e+00 -1.685865686376489536e-01 -1.058135154477910067e+00 0.000000000000000000e+00
-1.943456656136763050e-01 1.429836465099997844e-01 4.534125748060122141e-02 8.689561436793974414e-03 -4.855572471612331853e+00
8.392759088581052129e-01 -7.763508704851455278e+00 -8.310386261212141079e+00 -8.682584738799214108e+00 6.878896529935190074e-01
-4.950510462267089518e-02 -4.981207017217699651e+00 -5.230242308378527660e+00 -5.642535980243065019e+00 -1.757291332336465644e-16
-2.240757344632431647e-01 -3.321412741142617975e+00 -3.321412741142617975e+00 -3.321412741142617975e+00 -7.056610147070794259e-01
1.475949326217681268e+00 -2.965000863777402795e-01 -2.965000863777402795e-01 -2.965000863777402795e-01 7.056610147070795369e-01
-1.043281373053074335e+00 2.989171971008197648e-01 2.989171971008197648e-01 2.989171971008197648e-01 -7.619226321024473725e-01
-1.949774572499349823e-01 9.556296349782582578e-01 9.556296349782582578e-01 9.556296349782582578e-01 1.520319498684032045e+00
3.874044744449976818e+00 5.995201095068070085e-02 5.995201095068070085e-02 5.995201095068070085e-02 3.624187090719951154e+00
-1.428278509278223751e+00 5.331158665136265240e-02 5.331158665136265240e-02 5.331158665136265240e-02 -2.495743366211335967e+00
0.000000000000000000e+00 0.000000000000000000e+00 0.000000000000000000e+00 0.000000000000000000e+00 -1.852002511532329088e-01
0.000000000000000000e+00 0.000000000000000000e+00 0.000000000000000000e+00 0.000000000000000000e+00 -3.348069158978770332e-01
0.000000000000000000e+00 0.000000000000000000e+00 0.000000000000000000e+00 0.000000000000000000e+00 -1.000000000000000000e+00
0.000000000000000000e+00 0.000000000000000000e+00 0.000000000000000000e+00 0.000000000000000000e+00 1.000000000000000000e+00
