-1.422768132331234892e+00 0.000000000000000000e+00 0.000000000000000000e+00 0.000000000000000000e+00 0.000000000000000000e+00
-1.000000000000000000e+00 0.000000000000000000e+00 0.000000000000000000e+00 0.000000000000000000e+00 0.000000000000000000e+00
1.000000000000000000e+00 0.000000000000000000e+00 0.000000000000000000e+00 0.000000000000000000e+00 0.000000000000000000e+00
-1.757691939228595013e-02 3.613825085402630588e+00 0.000000000000000000e+00 0.000000000000000000e+00 0.000000000000000000e+00
1.174802074172718758e+00 -6.421143692066789699e-01 0.000000000000000000e+00 0.000000000000000000e+00 0.000000000000000000e+00
7.335198791114869166e-02 -1.564743484725473754e+00 0.000000000000000000e+00 0.000000000000000000e+00 0.000000000000000000e+00
1.479092345840349598e-01 -3.362761043646412262e-01 0.000000000000000000e+00 0.000000000000000000e+00 0.000000000000000000e+00
-1.070598208818317465e-01 9.397852220852426219e-01 0.000000000000000000e+00 0.000000000000000000e+00 0.000000000000000000e+00
0.000000000000000000e+00 -1.506321754608386243e-01 0.000000000000000000e+00 0.000000000000000000e+00 0.000000000000000000e+00
0.000000000000000000e+00 -3.212374224299359149e-01 0.000000000000000000e+00 0.000000000000000000e+00 0.000000000000000000e+00
0.000000000000000000e+00 -1.000000000000000000e+00 0.000000000000000000e+00 0.000000000000000000e+00 0.000000000000000000e+00
0.000000000000000000e+00 1.000000000000000000e+00 0.000000000000000000e+00 0.000000000000000000e+00 0.000000000000000000e+00
1.855581680031638259e-01 6.613854202421611816e-01 6.937736748911063067e-01 0.000000000000000000e+00 0.000000000000000000e+00
5.019113182618133440e-01 9.350564657992265438e+00 9.508687154329797053e+00 0.000000000000000000e+00 0.000000000000000000e+00
9.325984753876201405e-02 -2.544326869560788462e-01 -2.544326869560788462e-01 0.000000000000000000e+00 0.000000000000000000e+00
0.000000000000000000e+00 -3.618603702142726419e-01 -3.618603702142726419e-01 0.000000000000000000e+00 0.000000000000000000e+00
-8.456541192328438372e-01 1.959265591182273614e+00 1.959265591182273614e+00 0.000000000000000000e+00 0.000000000000000000e+00
3.648523388910637211e-01 -9.900917059907934359e-01 -9.900917059907934359e-01 0.000000000000000000e+00 0.000000000000000000e+00
4.030454013155895798e-04 1.264764632044524939e-01 1.264764632044524939e-01 0.000000000000000000e+00 0.000000000000000000e+00
0.000000000000000000e+00 0.000000000000000000e+00 -2.112281947534340176e-01 0.000000000000000000e+00 0.000000000000000000e+00
0.000000000000000000e+00 0.000000000000000000e+00 1.052949542838170771e-01 0.000000000000000000e+00 0.000000000000000000e+00
0.000000000000000000e+00 0.000000000000000000e+00 1.000000000000000000e+00 0.000000000000000000e+00 0.000000000000000000e+00
0.000000000000000000e+00 0.000000000000000000e+00 1.000000000000000000e+00 0.000000000000000000e+00 0.000000000000000000e+00
6.477361317472222213e-01 8.505136573112084264e+00 8.975460490857280149e+00 9.576134210795270718e+00 0.000000000000000000e+00
0.000000000000000000e+00 -2.061736007846428187e+00 -2.061736007846428187e+00 -2.061736007846428187e+00 0.000000000000000000e+00
1.642581361594367184e+00 -3.434741208667645984e-01 -3.434741208667645984e-01 -3.434741208667645984e-01 0.000000000000000000e+00
2.275031425684369335e+00 -1.719319173349382890e-01 -1.719319173349382890e-01 -1.719319173349382890e-01 0.000000000000000000e+00
-3.398115657099930687e+00 1.904144883861728088e+00 1.904144883861728088e+00 1.904144883861728088e+00 0.000000000000000000e+00
1.695193939193550214e+00 -9.832178282649266521e-01 -9.832178282649266521e-01 -9.832178282649266521e-01 0.000000000000000000e+00
0.000000000000000000e+00 0.000000000000000000e+00 0.000000000000000000e+00 -1.699875637632155989e+00 0.000000000000000000e+00
0.000000000000000000e+00 0.000000000000000000e+00 0.000000000000000000e+00 -1.180132079950118040e+00 0.000000000000000000e+00
0.000000000000000000e+00 0.000000000000000000e+00 0.000000000000000000e+00 -1.000000000000000000e+00 0.000000000000000000e+00
0.000000000000000000e+00 0.000000000000000000e+00 0.000000000000000000e+00 1.000000000000000000e+00 0.000000000000000000e+00
1.808880732939144864e-01 9.868184971690699969e-01 -4.764423102437611579e-01 -5.505093198518857811e-01 0.000000000000000000e+00
-5.884462324957930868e-01 -3.698765171495523862e-01 -6.561482907695120881e-01 -1.103874354997782081e+00 2.687220184742296070e+00
-1.509723935107318393e+00 -7.817964752103566894e+00 -8.286448119391824463e+00 -8.928560973956271241e+00 6.770540661834130169e-01
3.963761541866152038e-01 -2.779549351210194530e+00 -3.041249427696382845e+00 -2.899853200773885753e+00 5.412623680379254948e-17
-4.797160282255091834e-01 -1.888655565314735663e+00 -1.888655565314735663e+00 -1.888655565314735663e+00 7.799148789433731598e-03
-1.647281273613539210e-01 1.703936783350721851e-01 1.703936783350721851e-01 1.703936783350721851e-01 -7.799148789433939764e-03
2.958433491660159564e+00 -4.086491295462594819e-01 -4.086491295462594819e-01 -4.086491295462594819e-01 -2.596258170162355938e+00
-2.333673350809332359e+00 1.739436305139258954e+00 1.739436305139258954e+00 1.739436305139258954e+00 2.009025728560108970e+00
2.368726289485819869e+00 -2.699377995181996059e+00 -2.699377995181996059e+00 -2.699377995181996059e+00 -2.352391532647576611e+00
2.804733522793713352e+00 -2.279119661525445650e+00 -2.279119661525445650e+00 -2.279119661525445650e+00 -3.378724264877245087e+00
0.000000000000000000e+00 0.000000000000000000e+00 0.000000000000000000e+00 0.000000000000000000e+00 -1.270896285035130635e+00
0.000000000000000000e+00 0.000000000000000000e+00 0.000000000000000000e+00 0.000000000000000000e+00 2.659381887963467861e-01
0.000000000000000000e+00 0.000000000000000000e+00 0.000000000000000000e+00 0.000000000000000000e+00 1.000000000000000000e+00
0.000000000000000000e+00 0.000000000000000000e+00 0.000000000000000000e+00 0.000000000000000000e+00 1.000000000000000000e+00
