1.061782530027441940e+00 0.000000000000000000e+00 0.000000000000000000e+00 0.000000000000000000e+00 0.000000000000000000e+00
1.000000000000000000e+00 0.000000000000000000e+00 0.000000000000000000e+00 0.000000000000000000e+00 0.000000000000000000e+00
1.000000000000000000e+00 0.000000000000000000e+00 0.000000000000000000e+00 0.000000000000000000e+00 0.000000000000000000e+00
-3.397402654913729281e-01 2.906277880809038372e+00 0.000000000000000000e+00 0.000000000000000000e+00 0.000000000000000000e+00
6.389961958352896598e-01 3.076596487777426558e-01 0.000000000000000000e+00 0.000000000000000000e+00 0.000000000000000000e+00
2.875399848132777159e+00 -9.446547803630322981e-01 0.000000000000000000e+00 0.000000000000000000e+00 0.000000000000000000e+00
-9.739821837053528331e-01 -4.089469775583736699e-01 0.000000000000000000e+00 0.000000000000000000e+00 0.000000000000000000e+00
1.572700625494912519e+00 -1.377095176075784799e+00 0.000000000000000000e+00 0.000000000000000000e+00 0.000000000000000000e+00
0.000000000000000000e+00 -1.230358543088029943e+00 0.000000000000000000e+00 0.000000000000000000e+00 0.000000000000000000e+00
0.000000000000000000e+00 1.175326730216889271e+00 0.000000000000000000e+00 0.000000000000000000e+00 0.000000000000000000e+00
0.000000000000000000e+00 1.000000000000000000e+00 0.000000000000000000e+00 0.000000000000000000e+00 0.000000000000000000e+00
0.000000000000000000e+00 1.000000000000000000e+00 0.000000000000000000e+00 0.000000000000000000e+00 0.000000000000000000e+00
-6.406591904304003160e-01 -5.260129661173087889e+00 -4.918738562372265477e+00 0.000000000000000000e+00 0.000000000000000000e+00
-3.603024379022826129e-01 8.221894746318493929e+00 8.652569798678076296e+00 0.000000000000000000e+00 0.000000000000000000e+00
-1.365100150655907951e+00 5.029049884349220401e-01 5.029049884349220401e-01 0.000000000000000000e+00 0.000000000000000000e+00
-0.000000000000000000e+00 -9.220425443115920494e-02 -9.220425443115920494e-02 0.000000000000000000e+00 0.000000000000000000e+00
-4.994898860296090870e-01 5.092511977757023800e-01 5.092511977757023800e-01 0.000000000000000000e+00 0.000000000000000000e+00
-1.726622484916843892e+00 -1.223885836497821789e+00 -1.223885836497821789e+00 0.000000000000000000e+00 0.000000000000000000e+00
2.985625433974015586e+00 -7.521517224904517018e-01 -7.521517224904517018e-01 0.000000000000000000e+00 0.000000000000000000e+00
0.000000000000000000e+00 0.000000000000000000e+00 1.138154288656870516e+00 0.000000000000000000e+00 0.000000000000000000e+00
0.000000000000000000e+00 0.000000000000000000e+00 6.814734453435673522e-01 0.000000000000000000e+00 0.000000000000000000e+00
0.000000000000000000e+00 0.000000000000000000e+00 1.000000000000000000e+00 0.000000000000000000e+00 0.000000000000000000e+00
0.000000000000000000e+00 0.000000000000000000e+00 1.000000000000000000e+00 0.000000000000000000e+00 0.000000000000000000e+00
-8.550315018671172940e-01 -5.302911319080589436e+00 -4.624367228395649398e+00 -4.579714952781509751e+00 0.000000000000000000e+00
-0.000000000000000000e+00 -5.485470229751028270e-01 -5.485470229751028270e-01 -5.485470229751028270e-01 0.000000000000000000e+00
-1.858842649221733812e+00 4.796051647934891915e-01 4.796051647934891915e-01 4.796051647934891915e-01 0.000000000000000000e+00
-2.408959480305081335e+00 -1.254580544698820743e+00 -1.254580544698820743e+00 -1.254580544698820743e+00 0.000000000000000000e+00
1.494665870222638970e+00 -5.923732232474259174e-01 -5.923732232474259174e-01 -5.923732232474259174e-01 0.000000000000000000e+00
-5.445109281199219886e+00 6.997545364544150992e-01 6.997545364544150992e-01 6.997545364544150992e-01 0.000000000000000000e+00
0.000000000000000000e+00 0.000000000000000000e+00 0.000000000000000000e+00 -4.563427685439434001e-01 0.000000000000000000e+00
0.000000000000000000e+00 0.000000000000000000e+00 0.000000000000000000e+00 5.781251538803826584e-01 0.000000000000000000e+00
0.000000000000000000e+00 0.000000000000000000e+00 0.000000000000000000e+00 1.000000000000000000e+00 0.000000000000000000e+00
0.000000000000000000e+00 0.000000000000000000e+00 0.000000000000000000e+00 1.000000000000000000e+00 0.000000000000000000e+00
1.983193897486570656e-01 -3.967021061780203084e+00 -2.577882012361575104e+00 -2.104702547105658628e+00 0.000000000000000000e+00
-2.557145632411531588e-01 -3.657670661069717610e+00 -3.058937271260766977e+00 -2.873250409326841837e+00 7.872319191616314882e+00
1.943700836980652324e+00 3.859640895359229162e+00 3.476166087397806415e+00 3.814274887959910654e+00 5.613830709577471545e+00
1.881082584099849297e+00 -8.327292802925482462e+00 -8.968941239154197831e+00 -9.878736016867769365e+00 -8.102281766779203951e-17
-1.486581037715093423e-01 9.435461102016438062e-01 9.435461102016438062e-01 9.435461102016438062e-01 -2.970903029839429887e+00
3.444034342724205722e+00 -1.971698297970235991e+00 -1.971698297970235991e+00 -1.971698297970235991e+00 2.970903029839429443e+00
-4.214325996096206950e+00 1.226215030033705133e+00 1.226215030033705133e+00 1.226215030033705133e+00 -2.878831584461082560e+00
9.465192445983328096e-01 7.996438620144715737e-01 7.996438620144715737e-01 7.996438620144715737e-01 -3.283583184732762561e+00
-1.591281294184475170e+00 6.947387337482457959e-02 6.947387337482457959e-02 6.947387337482457959e-02 -3.158201246215122548e+00
-4.660024015166594147e+00 -1.081945098452715026e+00 -1.081945098452715026e+00 -1.081945098452715026e+00 2.306667332501496581e+00
0.000000000000000000e+00 0.000000000000000000e+00 0.000000000000000000e+00 0.000000000000000000e+00 -1.320689851367059742e+00
0.000000000000000000e+00 0.000000000000000000e+00 0.000000000000000000e+00 0.000000000000000000e+00 8.051473828101887165e-01
0.000000000000000000e+00 0.000000000000000000e+00 0.000000000000000000e+00 0.000000000000000000e+00 1.000000000000000000e+00
0.000000000000000000e+00 0.000000000000000000e+00 0.000000000000000000e+00 0.000000000000000000e+00 1.000000000000000000e+00
