1.704205031668450943e-01 0.000000000000000000e+00 0.000000000000000000e+00 0.000000000000000000e+00 0.000000000000000000e+00
1.000000000000000000e+00 0.000000000000000000e+00 0.000000000000000000e+00 0.000000000000000000e+00 0.000000000000000000e+00
1.000000000000000000e+00 0.000000000000000000e+00 0.000000000000000000e+00 0.000000000000000000e+00 0.000000000000000000e+00
2.642386114815916190e-02 1.857708257897139337e-01 0.000000000000000000e+00 0.000000000000000000e+00 0.000000000000000000e+00
9.708052643051904296e-01 5.388631281014449187e-04 0.000000000000000000e+00 0.000000000000000000e+00 0.000000000000000000e+00
-2.166226561512516469e-01 -2.902314500596192559e-02 0.000000000000000000e+00 0.000000000000000000e+00 0.000000000000000000e+00
-5.367630406787303743e-01 -1.793449202887416327e-02 0.000000000000000000e+00 0.000000000000000000e+00 0.000000000000000000e+00
6.913348084898301993e-01 -9.662838418086671100e-01 0.000000000000000000e+00 0.000000000000000000e+00 0.000000000000000000e+00
0.000000000000000000e+00 -6.812550093140337104e-01 0.000000000000000000e+00 0.000000000000000000e+00 0.000000000000000000e+00
0.000000000000000000e+00 -7.412825135090113093e-01 0.000000000000000000e+00 0.000000000000000000e+00 0.000000000000000000e+00
0.000000000000000000e+00 -1.000000000000000000e+00 0.000000000000000000e+00 0.000000000000000000e+00 0.000000000000000000e+00
0.000000000000000000e+00 1.000000000000000000e+00 0.000000000000000000e+00 0.000000000000000000e+00 0.000000000000000000e+00
-5.471966700474673734e-02 2.835012363166160565e+00 2.742744323545658336e+00 0.000000000000000000e+00 0.000000000000000000e+00
1.212833906840870141e-01 -9.598100902406660140e+00 -9.459934429807281830e+00 0.000000000000000000e+00 0.000000000000000000e+00
1.467901545664150320e-01 8.623830907622162187e-03 8.623830907622162187e-03 0.000000000000000000e+00 0.000000000000000000e+00
0.000000000000000000e+00 -1.038490245890262509e+00 -1.038490245890262509e+00 0.000000000000000000e+00 0.000000000000000000e+00
7.157909697389118753e-01 2.336712652054943884e-02 2.336712652054943884e-02 0.000000000000000000e+00 0.000000000000000000e+00
-9.028046998033352200e-01 9.180173388518308997e-01 9.180173388518308997e-01 0.000000000000000000e+00 0.000000000000000000e+00
-5.787924012328948820e-01 3.021097060874632367e-01 3.021097060874632367e-01 0.000000000000000000e+00 0.000000000000000000e+00
0.000000000000000000e+00 0.000000000000000000e+00 -3.572352365762285764e-01 0.000000000000000000e+00 0.000000000000000000e+00
0.000000000000000000e+00 0.000000000000000000e+00 2.240085235579352130e-01 0.000000000000000000e+00 0.000000000000000000e+00
0.000000000000000000e+00 0.000000000000000000e+00 1.000000000000000000e+00 0.000000000000000000e+00 0.000000000000000000e+00
0.000000000000000000e+00 0.000000000000000000e+00 1.000000000000000000e+00 0.000000000000000000e+00 0.000000000000000000e+00
-1.060337924385567482e-02 -3.595133313719602430e+00 -4.144244938416487223e+00 -3.491464262717058009e+00 0.000000000000000000e+00
0.000000000000000000e+00 -2.550506976638081458e+00 -2.550506976638081458e+00 -2.550506976638081458e+00 0.000000000000000000e+00
-1.219986808463316974e-01 -9.159031085845783376e-03 -9.159031085845783376e-03 -9.159031085845783376e-03 0.000000000000000000e+00
-3.938867493863837943e+00 9.107252621774454271e-01 9.107252621774454271e-01 9.107252621774454271e-01 0.000000000000000000e+00
4.301301485502345701e-02 -2.253781351849479253e-02 -2.253781351849479253e-02 -2.253781351849479253e-02 0.000000000000000000e+00
3.469978932137145033e+00 3.234278988842398950e-01 3.234278988842398950e-01 3.234278988842398950e-01 0.000000000000000000e+00
0.000000000000000000e+00 0.000000000000000000e+00 0.000000000000000000e+00 -1.512016730747819171e+00 0.000000000000000000e+00
0.000000000000000000e+00 0.000000000000000000e+00 0.000000000000000000e+00 -1.624703018756733286e+00 0.000000000000000000e+00
0.000000000000000000e+00 0.000000000000000000e+00 0.000000000000000000e+00 -1.000000000000000000e+00 0.000000000000000000e+00
0.000000000000000000e+00 0.000000000000000000e+00 0.000000000000000000e+00 1.000000000000000000e+00 0.000000000000000000e+00
2.470255410272604799e-02 9.430929265218335189e-01 2.337953177058850418e+00 1.887381094174544138e+00 0.000000000000000000e+00
3.146099684366238658e-01 -1.127246813347206889e+00 -1.263129431438574590e+00 -1.373087091398752069e+00 7.336112010631138602e+00
-5.020955065852527044e-01 -3.512934786104136009e+00 -4.113120057407322783e+00 -3.289080772573721667e+00 -4.601746857219707110e+00
3.303918003015771099e-01 8.986315517681621401e+00 8.385955771572024986e+00 8.103697589037244242e+00 2.073856196345693840e-17
1.472961544817066315e+00 -3.180742423449807621e+00 -3.180742423449807621e+00 -3.180742423449807621e+00 1.842902010352609476e+00
-3.845126019578092302e-01 6.393944778975718668e-01 6.393944778975718668e-01 6.393944778975718668e-01 -1.842902010352609699e+00
1.550139974574160640e+00 7.085968776580424400e-02 7.085968776580424400e-02 7.085968776580424400e-02 1.970744468619107792e+00
4.528652897920766307e+00 6.621805178382534907e-01 6.621805178382534907e-01 6.621805178382534907e-01 2.775340661162515765e+00
-1.842857533501196077e+00 -1.901822582029994990e+00 -1.901822582029994990e+00 -1.901822582029994990e+00 2.774360052161165324e+00
3.333122851125577490e+00 1.330258670513596142e+00 1.330258670513596142e+00 1.330258670513596142e+00 -3.090509840638090422e-01
0.000000000000000000e+00 0.000000000000000000e+00 0.000000000000000000e+00 0.000000000000000000e+00 1.991305544732789645e+00
0.000000000000000000e+00 0.000000000000000000e+00 0.000000000000000000e+00 0.000000000000000000e+00 -4.982667134826752608e-01
0.000000000000000000e+00 0.000000000000000000e+00 0.000000000000000000e+00 0.000000000000000000e+00 -1.000000000000000000e+00
0.000000000000000000e+00 0.000000000000000000e+00 0.000000000000000000e+00 0.000000000000000000e+00 1.000000000000000000e+00
