9.970766544317277713e-01 0.000000000000000000e+00 0.000000000000000000e+00 0.000000000000000000e+00 0.000000000000000000e+00
1.000000000000000000e+00 0.000000000000000000e+00 0.000000000000000000e+00 0.000000000000000000e+00 0.000000000000000000e+00
1.000000000000000000e+00 0.000000000000000000e+00 0.000000000000000000e+00 0.000000000000000000e+00 0.000000000000000000e+00
1.063619075509209533e-01 -7.113895571847228538e+00 0.000000000000000000e+00 0.000000000000000000e+00 0.000000000000000000e+00
-5.005708598496381168e-01 -4.966620711271219624e-01 0.000000000000000000e+00 0.000000000000000000e+00 0.000000000000000000e+00
-1.602184917172613021e+00 4.080370056296306336e-02 0.000000000000000000e+00 0.000000000000000000e+00 0.000000000000000000e+00
-1.769099158319250797e+00 1.235303691627966494e+00 0.000000000000000000e+00 0.000000000000000000e+00 0.000000000000000000e+00
-7.410808632349318303e-01 -1.185601756054948996e+00 0.000000000000000000e+00 0.000000000000000000e+00 0.000000000000000000e+00
0.000000000000000000e+00 -7.631984683738637365e-01 0.000000000000000000e+00 0.000000000000000000e+00 0.000000000000000000e+00
0.000000000000000000e+00 -1.326525779657252269e+00 0.000000000000000000e+00 0.000000000000000000e+00 0.000000000000000000e+00
0.000000000000000000e+00 -1.000000000000000000e+00 0.000000000000000000e+00 0.000000000000000000e+00 0.000000000000000000e+00
0.000000000000000000e+00 1.000000000000000000e+00 0.000000000000000000e+00 0.000000000000000000e+00 0.000000000000000000e+00
-4.595959373935123993e-01 -4.265731108707520036e+00 -4.384133522899348989e+00 0.000000000000000000e+00 0.000000000000000000e+00
-3.798757893560916754e-02 -9.198375436027291130e+00 -8.763874845841133521e+00 0.000000000000000000e+00 0.000000000000000000e+00
-8.684766961973786614e-01 -3.767386460494927536e-01 -3.767386460494927536e-01 0.000000000000000000e+00 0.000000000000000000e+00
0.000000000000000000e+00 2.969757086836502524e-01 2.969757086836502524e-01 0.000000000000000000e+00 0.000000000000000000e+00
7.097471825971194415e-01 6.485597612062757866e-01 6.485597612062757866e-01 0.000000000000000000e+00 0.000000000000000000e+00
-7.227718880776068389e-01 1.556298063596929016e+00 1.556298063596929016e+00 0.000000000000000000e+00 0.000000000000000000e+00
-2.288099974453495999e+00 -7.138368663460238350e-01 -7.138368663460238350e-01 0.000000000000000000e+00 0.000000000000000000e+00
0.000000000000000000e+00 0.000000000000000000e+00 1.060174177057513933e+00 0.000000000000000000e+00 0.000000000000000000e+00
0.000000000000000000e+00 0.000000000000000000e+00 -2.165534381022968802e-01 0.000000000000000000e+00 0.000000000000000000e+00
0.000000000000000000e+00 0.000000000000000000e+00 -1.000000000000000000e+00 0.000000000000000000e+00 0.000000000000000000e+00
0.000000000000000000e+00 0.000000000000000000e+00 1.000000000000000000e+00 0.000000000000000000e+00 0.000000000000000000e+00
2.762207642334008062e-01 -8.793231096778246325e+00 -7.672504093452179319e+00 -6.715745981180816671e+00 0.000000000000000000e+00
0.000000000000000000e+00 -1.333104440056254517e-02 -1.333104440056254517e-02 -1.333104440056254517e-02 0.000000000000000000e+00
3.523400508027190181e+00 4.931752812255491558e-01 4.931752812255491558e-01 4.931752812255491558e-01 0.000000000000000000e+00
-5.014872279533582500e+00 -1.132442045972288147e+00 -1.132442045972288147e+00 -1.132442045972288147e+00 0.000000000000000000e+00
-1.053059729428330593e+00 1.243799080123643291e-01 1.243799080123643291e-01 1.243799080123643291e-01 0.000000000000000000e+00
-4.439979853273047006e+00 1.284212500727336836e+00 1.284212500727336836e+00 1.284212500727336836e+00 0.000000000000000000e+00
0.000000000000000000e+00 0.000000000000000000e+00 0.000000000000000000e+00 -3.103067530842125166e-01 0.000000000000000000e+00
0.000000000000000000e+00 0.000000000000000000e+00 0.000000000000000000e+00 -1.044955578821817443e+00 0.000000000000000000e+00
0.000000000000000000e+00 0.000000000000000000e+00 0.000000000000000000e+00 -1.000000000000000000e+00 0.000000000000000000e+00
0.000000000000000000e+00 0.000000000000000000e+00 0.000000000000000000e+00 1.000000000000000000e+00 0.000000000000000000e+00
-2.876446407128653293e-01 -3.197633596726602079e+00 -2.126116342267338144e+00 -1.460883049287006852e+00 0.000000000000000000e+00
5.438332910869789760e-01 -6.080791956773218487e+00 -4.984412847978195060e+00 -4.389262672123648734e+00 -6.123091519507784852e+00
1.456794741186891728e-01 -1.040050352781465293e+01 -8.646881460940182507e+00 -6.807135134875131222e+00 2.917335826296139523e+00
-1.444836578236626146e+00 -7.186774275144035329e+00 -7.154968820314102196e+00 -6.811716770211294403e+00 -2.724380341124694616e-16
1.360548342619485540e+00 5.275898392348802091e+00 5.275898392348802091e+00 5.275898392348802091e+00 3.537518860156808387e+00
-3.171749465496026321e+00 -5.782404717974913844e+00 -5.782404717974913844e+00 -5.782404717974913844e+00 -3.537518860156809275e+00
6.482164177862632215e+00 1.715770451952566944e+00 1.715770451952566944e+00 1.715770451952566944e+00 2.704762648161413541e+00
6.634362276773691391e+00 1.170615633607107631e+00 1.170615633607107631e+00 1.170615633607107631e+00 -9.060310403606295360e-01
-2.127245148387770790e-01 2.750461062680947144e+00 2.750461062680947144e+00 2.750461062680947144e+00 1.963452566389445764e+00
-9.008938626263693905e-01 5.792638747273400668e+00 5.792638747273400668e+00 5.792638747273400668e+00 1.974973030391719231e+00
0.000000000000000000e+00 0.000000000000000000e+00 0.000000000000000000e+00 0.000000000000000000e+00 -2.861621116260706366e-01
0.000000000000000000e+00 0.000000000000000000e+00 0.000000000000000000e+00 0.000000000000000000e+00 1.853926358808878128e+00
0.000000000000000000e+00 0.000000000000000000e+00 0.000000000000000000e+00 0.000000000000000000e+00 1.000000000000000000e+00
0.000000000000000000e+00 0.000000000000000000e+00 0.000000000000000000e+00 0.000000000000000000e+00 1.000000000000000000e+00
