1.340523626699166027e+00 0.000000000000000000e+00 0.000000000000000000e+00 0.000000000000000000e+00 0.000000000000000000e+00
1.000000000000000000e+00 0.000000000000000000e+00 0.000000000000000000e+00 0.000000000000000000e+00 0.000000000000000000e+00
1.000000000000000000e+00 0.000000000000000000e+00 0.000000000000000000e+00 0.000000000000000000e+00 0.000000000000000000e+00
6.131287802307858886e-02 -9.972685376361319243e+00 0.000000000000000000e+00 0.000000000000000000e+00 0.000000000000000000e+00
-1.714647969618747492e-01 2.596472946125137904e-01 0.000000000000000000e+00 0.000000000000000000e+00 0.000000000000000000e+00
-9.549278922231556610e-01 1.720335736276892735e+00 0.000000000000000000e+00 0.000000000000000000e+00 0.000000000000000000e+00
-1.128038558000592051e+00 1.213760722389938485e+00 0.000000000000000000e+00 0.000000000000000000e+00 0.000000000000000000e+00
-4.296551315959821205e-01 1.791977732635096077e-01 0.000000000000000000e+00 0.000000000000000000e+00 0.000000000000000000e+00
0.000000000000000000e+00 -1.178695352143529274e+00 0.000000000000000000e+00 0.000000000000000000e+00 0.000000000000000000e+00
0.000000000000000000e+00 5.101879408021781082e-01 0.000000000000000000e+00 0.000000000000000000e+00 0.000000000000000000e+00
0.000000000000000000e+00 1.000000000000000000e+00 0.000000000000000000e+00 0.000000000000000000e+00 0.000000000000000000e+00
0.000000000000000000e+00 1.000000000000000000e+00 0.000000000000000000e+00 0.000000000000000000e+00 0.000000000000000000e+00
4.040044847617156321e-01 9.407891682357785612e+00 9.117881369965511240e+00 0.000000000000000000e+00 0.000000000000000000e+00
-1.620649271828613347e-01 3.895869550281906069e+00 3.680764739631410265e+00 0.000000000000000000e+00 0.000000000000000000e+00
1.624181545750222888e+00 -6.125312018238389111e-01 -6.125312018238389111e-01 0.000000000000000000e+00 0.000000000000000000e+00
-0.000000000000000000e+00 6.682770438139770119e-01 6.682770438139770119e-01 0.000000000000000000e+00 0.000000000000000000e+00
3.696342131756036320e-01 -1.314703017064585255e+00 -1.314703017064585255e+00 0.000000000000000000e+00 0.000000000000000000e+00
1.069769672439711272e-01 -4.494535716637177436e-01 -4.494535716637177436e-01 0.000000000000000000e+00 0.000000000000000000e+00
7.603184007380362486e-01 1.141629721090806182e+00 1.141629721090806182e+00 0.000000000000000000e+00 0.000000000000000000e+00
0.000000000000000000e+00 0.000000000000000000e+00 1.846972395957506397e+00 0.000000000000000000e+00 0.000000000000000000e+00
0.000000000000000000e+00 0.000000000000000000e+00 1.046828142870812606e-01 0.000000000000000000e+00 0.000000000000000000e+00
0.000000000000000000e+00 0.000000000000000000e+00 1.000000000000000000e+00 0.000000000000000000e+00 0.000000000000000000e+00
0.000000000000000000e+00 0.000000000000000000e+00 1.000000000000000000e+00 0.000000000000000000e+00 0.000000000000000000e+00
3.398279464780601944e-01 4.447995010281855954e+00 4.487078323223574472e+00 4.361831702576100867e+00 0.000000000000000000e+00
-0.000000000000000000e+00 1.456600148611412848e+00 1.456600148611412848e+00 1.456600148611412848e+00 0.000000000000000000e+00
7.489668754457567967e-01 -7.310080300969009626e-01 -7.310080300969009626e-01 -7.310080300969009626e-01 0.000000000000000000e+00
-1.202073467624842573e+00 -1.091006922126364076e+00 -1.091006922126364076e+00 -1.091006922126364076e+00 0.000000000000000000e+00
1.701724893041442366e+00 -1.044859299449042211e+00 -1.044859299449042211e+00 -1.044859299449042211e+00 0.000000000000000000e+00
-8.474581205707697462e-01 -5.612760720282876648e-01 -5.612760720282876648e-01 -5.612760720282876648e-01 0.000000000000000000e+00
0.000000000000000000e+00 0.000000000000000000e+00 0.000000000000000000e+00 7.883231047974361694e-01 0.000000000000000000e+00
0.000000000000000000e+00 0.000000000000000000e+00 0.000000000000000000e+00 -1.635714691949701205e-01 0.000000000000000000e+00
0.000000000000000000e+00 0.000000000000000000e+00 0.000000000000000000e+00 -1.000000000000000000e+00 0.000000000000000000e+00
0.000000000000000000e+00 0.000000000000000000e+00 0.000000000000000000e+00 1.000000000000000000e+00 0.000000000000000000e+00
2.897987106630818955e-04 -4.389863200948126432e-01 -5.997849294526533814e-01 -1.823129020284401047e+00 0.000000000000000000e+00
3.477997997126749397e-01 -8.562759707120001229e-01 -8.718017134032368665e-01 -8.485445156557933633e-01 8.217536024764017455e+00
-3.999124133763772709e-02 -4.559514670294510630e+00 -4.882608131417449648e+00 -4.582577518485699386e+00 -1.553067241515590613e+00
2.722767853869154445e-02 -8.318328077292653333e+00 -7.916142455700884817e+00 -7.886078574309483002e+00 -6.938893903907228378e-18
8.664959102764008270e-01 2.425559871610325935e+00 2.425559871610325935e+00 2.425559871610325935e+00 -7.209291756986175859e-01
-3.885451303111898680e-01 -2.379516929020117910e-01 -2.379516929020117910e-01 -2.379516929020117910e-01 7.209291756986176969e-01
1.647211397927872967e-01 2.692219970777813831e-01 2.692219970777813831e-01 2.692219970777813831e-01 -5.581962154320290193e-01
2.710916850437250059e+00 -6.696120842615788105e-01 -6.696120842615788105e-01 -6.696120842615788105e-01 -7.485838307477262754e-01
-1.340696165629337466e+00 2.308070052486556056e-01 2.308070052486556056e-01 2.308070052486556056e-01 2.249027076871522812e+00
-9.920182583781721464e-01 1.350490544099013590e+00 1.350490544099013590e+00 1.350490544099013590e+00 1.280748887510793355e-01
0.000000000000000000e+00 0.000000000000000000e+00 0.000000000000000000e+00 0.000000000000000000e+00 5.410413730997158943e-01
0.000000000000000000e+00 0.000000000000000000e+00 0.000000000000000000e+00 0.000000000000000000e+00 8.390992350677910494e-01
0.000000000000000000e+00 0.000000000000000000e+00 0.000000000000000000e+00 0.000000000000000000e+00 1.000000000000000000e+00
0.000000000000000000e+00 0.000000000000000000e+00 0.000000000000000000e+00 0.000000000000000000e+00 1.000000000000000000e+00
