1.215912128158717742e+00 0.000000000000000000e+00 0.000000000000000000e+00 0.000000000000000000e+00 0.000000000000000000e+00
1.000000000000000000e+00 0.000000000000000000e+00 0.000000000000000000e+00 0.000000000000000000e+00 0.000000000000000000e+00
1.000000000000000000e+00 0.000000000000000000e+00 0.000000000000000000e+00 0.000000000000000000e+00 0.000000000000000000e+00
3.144784266119614591e-01 1.962204601545625149e+00 0.000000000000000000e+00 0.000000000000000000e+00 0.000000000000000000e+00
1.992694707980443125e+00 2.658842960182357662e-01 0.000000000000000000e+00 0.000000000000000000e+00 0.000000000000000000e+00
-2.620815356556898568e+00 -1.379497665462498412e+00 0.000000000000000000e+00 0.000000000000000000e+00 0.000000000000000000e+00
-2.140210963753080176e+00 -2.626945012879357000e-01 0.000000000000000000e+00 0.000000000000000000e+00 0.000000000000000000e+00
-1.051635614095868032e+00 -1.411826734551878904e+00 0.000000000000000000e+00 0.000000000000000000e+00 0.000000000000000000e+00
0.000000000000000000e+00 1.425394137134154970e+00 0.000000000000000000e+00 0.000000000000000000e+00 0.000000000000000000e+00
0.000000000000000000e+00 -1.382651392243100741e+00 0.000000000000000000e+00 0.000000000000000000e+00 0.000000000000000000e+00
0.000000000000000000e+00 -1.000000000000000000e+00 0.000000000000000000e+00 0.000000000000000000e+00 0.000000000000000000e+00
0.000000000000000000e+00 1.000000000000000000e+00 0.000000000000000000e+00 0.000000000000000000e+00 0.000000000000000000e+00
1.177699949006905333e+00 -8.708611810035353784e+00 -8.950933239741484471e+00 0.000000000000000000e+00 0.000000000000000000e+00
1.084696111898732385e+00 1.823903999579930879e+00 2.519216281837739935e+00 0.000000000000000000e+00 0.000000000000000000e+00
2.338563289289492086e+00 2.758212252348286597e-01 2.758212252348286597e-01 0.000000000000000000e+00 0.000000000000000000e+00
0.000000000000000000e+00 1.329843214192323098e+00 1.329843214192323098e+00 0.000000000000000000e+00 0.000000000000000000e+00
-4.210247813503423586e+00 -1.371671335026276362e+00 -1.371671335026276362e+00 0.000000000000000000e+00 0.000000000000000000e+00
-4.597079530113652446e+00 -2.728861167515601593e-01 -2.728861167515601593e-01 0.000000000000000000e+00 0.000000000000000000e+00
-4.647539815234215110e-01 -1.409892299676324345e+00 -1.409892299676324345e+00 0.000000000000000000e+00 0.000000000000000000e+00
0.000000000000000000e+00 0.000000000000000000e+00 -9.555092294183120671e-02 0.000000000000000000e+00 0.000000000000000000e+00
0.000000000000000000e+00 0.000000000000000000e+00 -7.209177698704878345e-01 0.000000000000000000e+00 0.000000000000000000e+00
0.000000000000000000e+00 0.000000000000000000e+00 -1.000000000000000000e+00 0.000000000000000000e+00 0.000000000000000000e+00
0.000000000000000000e+00 0.000000000000000000e+00 1.000000000000000000e+00 0.000000000000000000e+00 0.000000000000000000e+00
1.474342397118491022e+00 -5.315740534698282005e+00 -5.043799045025131100e+00 -4.810588499233636739e+00 0.000000000000000000e+00
0.000000000000000000e+00 4.631209809454365778e-01 4.631209809454365778e-01 4.631209809454365778e-01 0.000000000000000000e+00
2.703132261994745988e+00 7.149794371756342803e-01 7.149794371756342803e-01 7.149794371756342803e-01 0.000000000000000000e+00
-2.441258841522779388e+00 -1.137114933570514852e+00 -1.137114933570514852e+00 -1.137114933570514852e+00 0.000000000000000000e+00
-2.527337929566316532e+00 -3.755120000172947892e-01 -3.755120000172947892e-01 -3.755120000172947892e-01 0.000000000000000000e+00
-2.406819654835573807e+00 8.770591526534932125e-01 8.770591526534932125e-01 8.770591526534932125e-01 0.000000000000000000e+00
0.000000000000000000e+00 0.000000000000000000e+00 0.000000000000000000e+00 -8.667222332468869084e-01 0.000000000000000000e+00
0.000000000000000000e+00 0.000000000000000000e+00 0.000000000000000000e+00 2.605364111149985895e-01 0.000000000000000000e+00
0.000000000000000000e+00 0.000000000000000000e+00 0.000000000000000000e+00 1.000000000000000000e+00 0.000000000000000000e+00
0.000000000000000000e+00 0.000000000000000000e+00 0.000000000000000000e+00 1.000000000000000000e+00 0.000000000000000000e+00
1.016800315064663451e-01 -4.312843669952785675e+00 -2.991601137666862531e+00 -1.844505932142576521e+00 0.000000000000000000e+00
2.234608643306063680e+00 -3.263189276732950006e+00 -2.760833318096195033e+00 -2.322613787541952579e+00 7.406704445053592600e+00
-5.112721508733514275e-01 4.462939803454860410e+00 4.218690442776934724e+00 4.008659378041516952e+00 4.097222014204660034e+00
-4.897012210470765847e-01 -7.627156320544633772e+00 -8.100602005353598756e+00 -8.515941529433304069e+00 -6.031790650064361114e-17
7.954151815365495537e-02 8.973614553081060707e-01 8.973614553081060707e-01 8.973614553081060707e-01 -2.251763769355541733e-01
-1.346615588638621297e+00 -1.149219911538304384e+00 -1.149219911538304384e+00 -1.149219911538304384e+00 2.251763769355537292e-01
4.874938601125601290e-01 -3.210535281834039356e-01 -3.210535281834039356e-01 -3.210535281834039356e-01 1.595004988219770770e+00
4.246870684324917988e+00 -2.148446501026276767e+00 -2.148446501026276767e+00 -2.148446501026276767e+00 4.300228996058816477e+00
-3.232359204391704210e+00 -5.694353748172356067e-01 -5.694353748172356067e-01 -5.694353748172356067e-01 5.970333003992606136e-01
5.426058666866598323e-02 6.111053155707736328e-01 6.111053155707736328e-01 6.111053155707736328e-01 -1.505845234441700597e+00
0.000000000000000000e+00 0.000000000000000000e+00 0.000000000000000000e+00 0.000000000000000000e+00 -1.056519695579245521e+00
0.000000000000000000e+00 0.000000000000000000e+00 0.000000000000000000e+00 0.000000000000000000e+00 -1.076066371961723611e+00
0.000000000000000000e+00 0.000000000000000000e+00 0.000000000000000000e+00 0.000000000000000000e+00 -1.000000000000000000e+00
0.000000000000000000e+00 0.000000000000000000e+00 0.000000000000000000e+00 0.000000000000000000e+00 1.000000000000000000e+00
