-1.548192157958569126e+00 0.000000000000000000e+00 0.000000000000000000e+00 0.000000000000000000e+00 0.000000000000000000e+00
-1.000000000000000000e+00 0.000000000000000000e+00 0.000000000000000000e+00 0.000000000000000000e+00 0.000000000000000000e+00
1.000000000000000000e+00 0.000000000000000000e+00 0.000000000000000000e+00 0.000000000000000000e+00 0.000000000000000000e+00
2.942398269592390037e-01 -3.842365293800688697e+00 0.000000000000000000e+00 0.000000000000000000e+00 0.000000000000000000e+00
2.822058744748664472e-01 -8.947594128327222007e-01 0.000000000000000000e+00 0.000000000000000000e+00 0.000000000000000000e+00
-2.595331404686927801e+00 -1.594599318725506754e+00 0.000000000000000000e+00 0.000000000000000000e+00 0.000000000000000000e+00
-7.952397574556202553e-02 5.682604587058125434e-01 0.000000000000000000e+00 0.000000000000000000e+00 0.000000000000000000e+00
-1.221379387358022539e+00 -1.267497502180131574e+00 0.000000000000000000e+00 0.000000000000000000e+00 0.000000000000000000e+00
0.000000000000000000e+00 1.081963292167423152e+00 0.000000000000000000e+00 0.000000000000000000e+00 0.000000000000000000e+00
0.000000000000000000e+00 7.564588162328718113e-01 0.000000000000000000e+00 0.000000000000000000e+00 0.000000000000000000e+00
0.000000000000000000e+00 1.000000000000000000e+00 0.000000000000000000e+00 0.000000000000000000e+00 0.000000000000000000e+00
0.000000000000000000e+00 1.000000000000000000e+00 0.000000000000000000e+00 0.000000000000000000e+00 0.000000000000000000e+00
1.026337144302237547e+00 -6.936779344891095711e+00 -6.680948615877550623e+00 0.000000000000000000e+00 0.000000000000000000e+00
6.268308225218711949e-02 6.497064676726693300e+00 6.539086762278649267e+00 0.000000000000000000e+00 0.000000000000000000e+00
2.480574481079075966e+00 1.185203253226346787e+00 1.185203253226346787e+00 0.000000000000000000e+00 0.000000000000000000e+00
-0.000000000000000000e+00 4.396959065107569620e-01 4.396959065107569620e-01 0.000000000000000000e+00 0.000000000000000000e+00
8.690308788020018049e-01 -3.553837487246944149e-01 -3.553837487246944149e-01 0.000000000000000000e+00 0.000000000000000000e+00
-1.202559759716019139e+00 -9.064742025676129078e-01 -9.064742025676129078e-01 0.000000000000000000e+00 0.000000000000000000e+00
4.554150111896537734e-01 -1.052508616136144992e+00 -1.052508616136144992e+00 0.000000000000000000e+00 0.000000000000000000e+00
0.000000000000000000e+00 0.000000000000000000e+00 -6.422673856566660788e-01 0.000000000000000000e+00 0.000000000000000000e+00
0.000000000000000000e+00 0.000000000000000000e+00 3.428117428731196625e-01 0.000000000000000000e+00 0.000000000000000000e+00
0.000000000000000000e+00 0.000000000000000000e+00 1.000000000000000000e+00 0.000000000000000000e+00 0.000000000000000000e+00
0.000000000000000000e+00 0.000000000000000000e+00 1.000000000000000000e+00 0.000000000000000000e+00 0.000000000000000000e+00
-1.386522206907332411e-01 -7.443299665557143285e+00 -7.365629641891271895e+00 -7.899688304535740002e+00 0.000000000000000000e+00
-0.000000000000000000e+00 -5.334358207150338149e-01 -5.334358207150338149e-01 -5.334358207150338149e-01 0.000000000000000000e+00
-1.757340613797235163e+00 -1.177344818544062033e+00 -1.177344818544062033e+00 -1.177344818544062033e+00 0.000000000000000000e+00
-2.559627333470122057e+00 8.857099937558383651e-01 8.857099937558383651e-01 8.857099937558383651e-01 0.000000000000000000e+00
2.346599412410295571e+00 4.478407391927136105e-01 4.478407391927136105e-01 4.478407391927136105e-01 0.000000000000000000e+00
1.426222560273520346e+00 1.070040968338336507e+00 1.070040968338336507e+00 1.070040968338336507e+00 0.000000000000000000e+00
0.000000000000000000e+00 0.000000000000000000e+00 0.000000000000000000e+00 -9.731317272257911100e-01 0.000000000000000000e+00
0.000000000000000000e+00 0.000000000000000000e+00 0.000000000000000000e+00 5.981359434701718492e-01 0.000000000000000000e+00
0.000000000000000000e+00 0.000000000000000000e+00 0.000000000000000000e+00 1.000000000000000000e+00 0.000000000000000000e+00
0.000000000000000000e+00 0.000000000000000000e+00 0.000000000000000000e+00 1.000000000000000000e+00 0.000000000000000000e+00
-4.530462729909018327e-02 -9.616677472232686430e-01 3.324937800425072920e-01 1.263701133476889504e+00 0.000000000000000000e+00
7.935820266918267030e-02 1.890199218845709239e-01 1.097360436371904946e+00 1.216859037784707276e+00 -5.593832191536660225e+00
6.748104865132310559e-01 7.050000465122959525e+00 7.202990535961939500e+00 7.613173595793798931e+00 1.646468615223510401e+00
4.885347216907737211e-02 6.488074414309149773e+00 5.938700741215649614e+00 5.937166351787684704e+00 7.937801090513714974e-17
-1.311916592484427824e+00 -1.305220279640869618e-01 -1.305220279640869618e-01 -1.305220279640869618e-01 -1.239167297515616939e+00
4.458310793067073341e+00 7.744310257931147357e-01 7.744310257931147357e-01 7.744310257931147357e-01 1.239167297515617605e+00
-4.301852714685231449e-01 3.074451656950954459e-01 3.074451656950954459e-01 3.074451656950954459e-01 -9.960066512502887548e-01
2.852387813180850884e+00 -6.055295225688238858e+00 -6.055295225688238858e+00 -6.055295225688238858e+00 2.953712664027537738e+00
1.864731892369451804e+00 8.240698425689335638e-01 8.240698425689335638e-01 8.240698425689335638e-01 -2.385476690236092712e-01
-2.466156009204485855e+00 7.435679744721845896e-01 7.435679744721845896e-01 7.435679744721845896e-01 -4.970585118611436926e+00
0.000000000000000000e+00 0.000000000000000000e+00 0.000000000000000000e+00 0.000000000000000000e+00 -3.903977786811791972e-01
0.000000000000000000e+00 0.000000000000000000e+00 0.000000000000000000e+00 0.000000000000000000e+00 1.504068518779939634e+00
0.000000000000000000e+00 0.000000000000000000e+00 0.000000000000000000e+00 0.000000000000000000e+00 1.000000000000000000e+00
0.000000000000000000e+00 0.000000000000000000e+00 0.000000000000000000e+00 0.000000000000000000e+00 1.000000000000000000e+00
