-1.716747956822995302e+00 0.000000000000000000e+00 0.000000000000000000e+00 0.000000000000000000e+00 0.000000000000000000e+00
-1.000000000000000000e+00 0.000000000000000000e+00 0.000000000000000000e+00 0.000000000000000000e+00 0.000000000000000000e+00
1.000000000000000000e+00 0.000000000000000000e+00 0.000000000000000000e+00 0.000000000000000000e+00 0.000000000000000000e+00
-7.796026047309678741e-01 -5.405618896542917717e+00 0.000000000000000000e+00 0.000000000000000000e+00 0.000000000000000000e+00
-1.464797563335280994e+00 1.385753314578443973e+00 0.000000000000000000e+00 0.000000000000000000e+00 0.000000000000000000e+00
3.605970201976806955e+00 -1.002435854326471532e+00 0.000000000000000000e+00 0.000000000000000000e+00 0.000000000000000000e+00
2.012407279900501500e+00 1.026336440626643753e+00 0.000000000000000000e+00 0.000000000000000000e+00 0.000000000000000000e+00
-1.865870285878934443e+00 1.462626619493527791e+00 0.000000000000000000e+00 0.000000000000000000e+00 0.000000000000000000e+00
0.000000000000000000e+00 -3.714270091487623660e-01 0.000000000000000000e+00 0.000000000000000000e+00 0.000000000000000000e+00
0.000000000000000000e+00 -1.648957785848671698e+00 0.000000000000000000e+00 0.000000000000000000e+00 0.000000000000000000e+00
0.000000000000000000e+00 -1.000000000000000000e+00 0.000000000000000000e+00 0.000000000000000000e+00 0.000000000000000000e+00
0.000000000000000000e+00 1.000000000000000000e+00 0.000000000000000000e+00 0.000000000000000000e+00 0.000000000000000000e+00
-9.098063591110897574e-01 4.333096160642543992e+00 4.253416916998894237e+00 0.000000000000000000e+00 0.000000000000000000e+00
4.098344963694167120e-02 -9.670100625042282516e+00 -9.130813594064129290e+00 0.000000000000000000e+00 0.000000000000000000e+00
-1.075837173605771024e+00 8.738018913215607197e-01 8.738018913215607197e-01 0.000000000000000000e+00 0.000000000000000000e+00
0.000000000000000000e+00 1.108239253784656153e+00 1.108239253784656153e+00 0.000000000000000000e+00 0.000000000000000000e+00
-2.334986651209781439e+00 2.373185128975671354e+00 2.373185128975671354e+00 0.000000000000000000e+00 0.000000000000000000e+00
1.523317722146436237e+00 1.697563961485712536e+00 1.697563961485712536e+00 0.000000000000000000e+00 0.000000000000000000e+00
-1.086314408558203937e+00 5.576017522158349671e-01 5.576017522158349671e-01 0.000000000000000000e+00 0.000000000000000000e+00
0.000000000000000000e+00 0.000000000000000000e+00 1.479666262933418963e+00 0.000000000000000000e+00 0.000000000000000000e+00
0.000000000000000000e+00 0.000000000000000000e+00 4.211784559716367227e-01 0.000000000000000000e+00 0.000000000000000000e+00
0.000000000000000000e+00 0.000000000000000000e+00 1.000000000000000000e+00 0.000000000000000000e+00 0.000000000000000000e+00
0.000000000000000000e+00 0.000000000000000000e+00 1.000000000000000000e+00 0.000000000000000000e+00 0.000000000000000000e+00
1.202288665466234585e-01 2.706018519028849934e+00 2.639506087959615499e+00 2.541800596551652358e+00 0.000000000000000000e+00
-0.000000000000000000e+00 3.075063923248316233e-01 3.075063923248316233e-01 3.075063923248316233e-01 0.000000000000000000e+00
1.713998155022240233e-01 4.475280949091706151e-01 4.475280949091706151e-01 4.475280949091706151e-01 0.000000000000000000e+00
3.132913718276592596e-01 1.765572963326808686e+00 1.765572963326808686e+00 1.765572963326808686e+00 0.000000000000000000e+00
-1.353334392810475517e+00 -2.808024404197316581e+00 -2.808024404197316581e+00 -2.808024404197316581e+00 0.000000000000000000e+00
1.342881965594410615e-02 -2.745819159715850999e-01 -2.745819159715850999e-01 -2.745819159715850999e-01 0.000000000000000000e+00
0.000000000000000000e+00 0.000000000000000000e+00 0.000000000000000000e+00 -8.007328614598248073e-01 0.000000000000000000e+00
0.000000000000000000e+00 0.000000000000000000e+00 0.000000000000000000e+00 1.475597091414815765e+00 0.000000000000000000e+00
0.000000000000000000e+00 0.000000000000000000e+00 0.000000000000000000e+00 1.000000000000000000e+00 0.000000000000000000e+00
0.000000000000000000e+00 0.000000000000000000e+00 0.000000000000000000e+00 1.000000000000000000e+00 0.000000000000000000e+00
-1.366695089640825589e-01 3.955458323679955424e+00 2.600271556060636868e+00 1.977503867042402330e+00 0.000000000000000000e+00
-1.161294097720686480e+00 3.126912389840267981e+00 2.668758820877043192e+00 1.744510297969869006e+00 6.168252316252003098e+00
1.037128115456064759e+00 1.261643967605929451e+00 1.434191949469664440e+00 1.155528797442132438e+00 -6.659208523130274671e+00
3.588760713468590602e-01 9.729256378810793748e+00 9.429030186888667231e+00 9.040593924994423602e+00 -2.220446049250313081e-16
-2.430829102251774287e+00 -1.979540637591396202e+00 -1.979540637591396202e+00 -1.979540637591396202e+00 -1.330304785714530480e+00
4.046226174313785506e+00 1.839518935007057765e+00 1.839518935007057765e+00 1.839518935007057765e+00 1.330304785714529814e+00
4.275488280308905598e-01 3.798763725294671989e+00 3.798763725294671989e+00 3.798763725294671989e+00 7.861786943532669270e-01
3.581814329012676268e+00 -6.968693867706642564e+00 -6.968693867706642564e+00 -6.968693867706642564e+00 1.248638791772862522e+00
3.263825118301636241e+00 8.317882820897888330e-01 8.317882820897888330e-01 8.317882820897888330e-01 1.330030875386763567e+00
-3.620177652549296798e+00 2.308960369969244475e+00 2.308960369969244475e+00 2.308960369969244475e+00 9.608571344900425082e-01
0.000000000000000000e+00 0.000000000000000000e+00 0.000000000000000000e+00 0.000000000000000000e+00 1.481147778709461793e+00
0.000000000000000000e+00 0.000000000000000000e+00 0.000000000000000000e+00 0.000000000000000000e+00 1.975549623693489742e+00
0.000000000000000000e+00 0.000000000000000000e+00 0.000000000000000000e+00 0.000000000000000000e+00 1.000000000000000000e+00
0.000000000000000000e+00 0.000000000000000000e+00 0.000000000000000000e+00 0.000000000000000000e+00 1.000000000000000000e+00
