-1.118353285591266566e+00 0.000000000000000000e+00 0.000000000000000000e+00 0.000000000000000000e+00 0.000000000000000000e+00
-1.000000000000000000e+00 0.000000000000000000e+00 0.000000000000000000e+00 0.000000000000000000e+00 0.000000000000000000e+00
1.000000000000000000e+00 0.000000000000000000e+00 0.000000000000000000e+00 0.000000000000000000e+00 0.000000000000000000e+00
-5.401585443447508295e-03 -9.198332195062222993e+00 0.000000000000000000e+00 0.000000000000000000e+00 0.000000000000000000e+00
7.670716036009888050e-01 4.412032221297627066e-01 0.000000000000000000e+00 0.000000000000000000e+00 0.000000000000000000e+00
8.875363729356287035e-01 8.863659264148007200e-01 0.000000000000000000e+00 0.000000000000000000e+00 0.000000000000000000e+00
2.438982440266164620e+00 -1.462877390571323266e+00 0.000000000000000000e+00 0.000000000000000000e+00 0.000000000000000000e+00
-7.224157751722066756e-01 -6.040262591601492925e-01 0.000000000000000000e+00 0.000000000000000000e+00 0.000000000000000000e+00
0.000000000000000000e+00 1.978659881917316010e+00 0.000000000000000000e+00 0.000000000000000000e+00 0.000000000000000000e+00
0.000000000000000000e+00 1.264345547354898791e+00 0.000000000000000000e+00 0.000000000000000000e+00 0.000000000000000000e+00
0.000000000000000000e+00 1.000000000000000000e+00 0.000000000000000000e+00 0.000000000000000000e+00 0.000000000000000000e+00
0.000000000000000000e+00 1.000000000000000000e+00 0.000000000000000000e+00 0.000000000000000000e+00 0.000000000000000000e+00
-6.027737545216615977e-01 -7.141419845712784209e+00 -6.448297888176655945e+00 0.000000000000000000e+00 0.000000000000000000e+00
-6.070906423536487351e-01 -7.766967000175247549e+00 -7.308978517562027655e+00 0.000000000000000000e+00 0.000000000000000000e+00
-3.062438247990950657e+00 -6.251102914824376855e-01 -6.251102914824376855e-01 0.000000000000000000e+00 0.000000000000000000e+00
-0.000000000000000000e+00 4.974604336124827109e-01 4.974604336124827109e-01 0.000000000000000000e+00 0.000000000000000000e+00
1.710933937907737956e+00 3.513093097076649268e-02 3.513093097076649268e-02 0.000000000000000000e+00 0.000000000000000000e+00
-2.577036256062239516e+00 -1.134728201652503987e+00 -1.134728201652503987e+00 0.000000000000000000e+00 0.000000000000000000e+00
-3.364076481742397817e+00 1.103290483043446679e+00 1.103290483043446679e+00 0.000000000000000000e+00 0.000000000000000000e+00
0.000000000000000000e+00 0.000000000000000000e+00 -1.481199448304833410e+00 0.000000000000000000e+00 0.000000000000000000e+00
0.000000000000000000e+00 0.000000000000000000e+00 7.870938120070736232e-01 0.000000000000000000e+00 0.000000000000000000e+00
0.000000000000000000e+00 0.000000000000000000e+00 1.000000000000000000e+00 0.000000000000000000e+00 0.000000000000000000e+00
0.000000000000000000e+00 0.000000000000000000e+00 1.000000000000000000e+00 0.000000000000000000e+00 0.000000000000000000e+00
-7.053670743685698241e-01 -1.016768184651972184e+01 -9.139434750337960267e+00 -7.727770733310708628e+00 0.000000000000000000e+00
-0.000000000000000000e+00 1.535124973920314329e-01 1.535124973920314329e-01 1.535124973920314329e-01 0.000000000000000000e+00
2.143386787549891093e+00 5.760461360643402973e-01 5.760461360643402973e-01 5.760461360643402973e-01 0.000000000000000000e+00
-8.342793212822904536e+00 8.746238140366759950e-01 8.746238140366759950e-01 8.746238140366759950e-01 0.000000000000000000e+00
4.198178656880406479e+00 4.867947050670130005e-01 4.867947050670130005e-01 4.867947050670130005e-01 0.000000000000000000e+00
-5.347673593999596520e+00 -1.319049341578889756e+00 -1.319049341578889756e+00 -1.319049341578889756e+00 0.000000000000000000e+00
0.000000000000000000e+00 0.000000000000000000e+00 0.000000000000000000e+00 -3.439479362204509449e-01 0.000000000000000000e+00
0.000000000000000000e+00 0.000000000000000000e+00 0.000000000000000000e+00 1.096320585986207075e+00 0.000000000000000000e+00
0.000000000000000000e+00 0.000000000000000000e+00 0.000000000000000000e+00 1.000000000000000000e+00 0.000000000000000000e+00
0.000000000000000000e+00 0.000000000000000000e+00 0.000000000000000000e+00 1.000000000000000000e+00 0.000000000000000000e+00
-2.843007474435136350e-01 -1.699146183862423332e+00 -1.954337818161147489e+00 -1.129881073398020463e+00 0.000000000000000000e+00
-2.054610587969317503e+00 -8.804789161768965755e+00 -7.898320816294776670e+00 -6.447090831778559128e+00 -5.194633142427207417e+00
-4.852633497068338797e-01 -6.303203823358400015e+00 -5.543262046481852501e+00 -4.869220373423494230e+00 2.295958274310092140e+00
-2.108774752390033314e+00 -6.433118874239868390e+00 -5.074424360372669085e+00 -5.275053036891207192e+00 4.913247852410307951e-17
2.316188996304638703e+00 6.349297119221977148e-01 6.349297119221977148e-01 6.349297119221977148e-01 4.535495532798210938e+00
-6.042250097034522760e+00 -1.057463350594505691e+00 -1.057463350594505691e+00 -1.057463350594505691e+00 -4.535495532798210938e+00
1.321430721756192028e+00 8.418766058683508913e-01 8.418766058683508913e-01 8.418766058683508913e-01 -1.257629936312352648e+00
-3.114261905429705379e+00 -1.444737770096240714e+00 -1.444737770096240714e+00 -1.444737770096240714e+00 -4.858855082520680213e+00
7.106978386579720919e+00 3.238855843511904808e+00 3.238855843511904808e+00 3.238855843511904808e+00 5.291888107296469634e+00
-6.052295535006280147e-02 -1.393128894217031455e+00 -1.393128894217031455e+00 -1.393128894217031455e+00 4.199477225593470031e+00
0.000000000000000000e+00 0.000000000000000000e+00 0.000000000000000000e+00 0.000000000000000000e+00 -1.883987114265601726e+00
0.000000000000000000e+00 0.000000000000000000e+00 0.000000000000000000e+00 0.000000000000000000e+00 -4.301262983858982203e-01
0.000000000000000000e+00 0.000000000000000000e+00 0.000000000000000000e+00 0.000000000000000000e+00 -1.000000000000000000e+00
0.000000000000000000e+00 0.000000000000000000e+00 0.000000000000000000e+00 0.000000000000000000e+00 1.000000000000000000e+00
