-5.059310356597532810e-01 0.000000000000000000e+00 0.000000000000000000e+00 0.000000000000000000e+00 0.000000000000000000e+00
-1.000000000000000000e+00 0.000000000000000000e+00 0.000000000000000000e+00 0.000000000000000000e+00 0.000000000000000000e+00
1.000000000000000000e+00 0.000000000000000000e+00 0.000000000000000000e+00 0.000000000000000000e+00 0.000000000000000000e+00
-1.489574067640151711e-01 -4.308731789035104676e+00 0.000000000000000000e+00 0.000000000000000000e+00 0.000000000000000000e+00
6.179507127032126679e-01 1.014863801004795563e-01 0.000000000000000000e+00 0.000000000000000000e+00 0.000000000000000000e+00
7.706173502060569280e-01 -1.559511485497178107e-01 0.000000000000000000e+00 0.000000000000000000e+00 0.000000000000000000e+00
1.384389611932535236e-01 3.746571568676395070e-01 0.000000000000000000e+00 0.000000000000000000e+00 0.000000000000000000e+00
2.232278254840301956e-01 7.603374331181194101e-01 0.000000000000000000e+00 0.000000000000000000e+00 0.000000000000000000e+00
0.000000000000000000e+00 2.614288591807794049e-01 0.000000000000000000e+00 0.000000000000000000e+00 0.000000000000000000e+00
0.000000000000000000e+00 -1.597307440619175622e-01 0.000000000000000000e+00 0.000000000000000000e+00 0.000000000000000000e+00
0.000000000000000000e+00 -1.000000000000000000e+00 0.000000000000000000e+00 0.000000000000000000e+00 0.000000000000000000e+00
0.000000000000000000e+00 1.000000000000000000e+00 0.000000000000000000e+00 0.000000000000000000e+00 0.000000000000000000e+00
2.979856826264233594e-02 6.690520740384055642e+00 6.536313878232640207e+00 0.000000000000000000e+00 0.000000000000000000e+00
4.264575576739315088e-01 7.255429717420655678e+00 7.307013084668765757e+00 0.000000000000000000e+00 0.000000000000000000e+00
-1.167143716522142105e-01 -1.274953945782074383e-01 -1.274953945782074383e-01 0.000000000000000000e+00 0.000000000000000000e+00
-0.000000000000000000e+00 -1.422901960604660843e-01 -1.422901960604660843e-01 0.000000000000000000e+00 0.000000000000000000e+00
-7.562263549996517398e-01 2.232486423163640432e-02 2.232486423163640432e-02 0.000000000000000000e+00 0.000000000000000000e+00
7.793070134029046470e-01 -6.249581912689387009e-01 -6.249581912689387009e-01 0.000000000000000000e+00 0.000000000000000000e+00
6.398944183051424872e-01 5.726327414308844954e-01 5.726327414308844954e-01 0.000000000000000000e+00 0.000000000000000000e+00
0.000000000000000000e+00 0.000000000000000000e+00 -4.037190552412455169e-01 0.000000000000000000e+00 0.000000000000000000e+00
0.000000000000000000e+00 0.000000000000000000e+00 1.158864064969319596e+00 0.000000000000000000e+00 0.000000000000000000e+00
0.000000000000000000e+00 0.000000000000000000e+00 1.000000000000000000e+00 0.000000000000000000e+00 0.000000000000000000e+00
0.000000000000000000e+00 0.000000000000000000e+00 1.000000000000000000e+00 0.000000000000000000e+00 0.000000000000000000e+00
-2.197915824101045745e-01 6.218830172202290285e+00 5.655956043789343468e+00 5.823556865487105938e+00 0.000000000000000000e+00
-0.000000000000000000e+00 -1.511991999644140883e+00 -1.511991999644140883e+00 -1.511991999644140883e+00 0.000000000000000000e+00
-6.552492512372212197e-01 -1.229892324907505691e-01 -1.229892324907505691e-01 -1.229892324907505691e-01 0.000000000000000000e+00
3.561714422687010995e+00 -6.772094018643454172e-01 -6.772094018643454172e-01 -6.772094018643454172e-01 0.000000000000000000e+00
2.608342573187683033e-01 -7.080463885167842530e-02 -7.080463885167842530e-02 -7.080463885167842530e-02 0.000000000000000000e+00
-2.217483075503049683e+00 -5.097729135794966115e-01 -5.097729135794966115e-01 -5.097729135794966115e-01 0.000000000000000000e+00
0.000000000000000000e+00 0.000000000000000000e+00 0.000000000000000000e+00 -1.369701803583675215e+00 0.000000000000000000e+00
0.000000000000000000e+00 0.000000000000000000e+00 0.000000000000000000e+00 9.791699460463081373e-01 0.000000000000000000e+00
0.000000000000000000e+00 0.000000000000000000e+00 0.000000000000000000e+00 1.000000000000000000e+00 0.000000000000000000e+00
0.000000000000000000e+00 0.000000000000000000e+00 0.000000000000000000e+00 1.000000000000000000e+00 0.000000000000000000e+00
-2.660048833414389857e-02 6.550617007302125261e-01 -8.121801078513506411e-01 -1.822867038043172183e+00 0.000000000000000000e+00
-4.073283848338600244e-01 7.306188828520820966e-01 4.023078977236828058e-01 9.647006690937982576e-01 -8.042604679122190348e+00
-4.492573087449984459e-02 6.353320052630398784e+00 5.783528469605907496e+00 5.707049034798514775e+00 2.307593883828117587e+00
7.105671270661904904e-02 -7.769392713902610659e+00 -8.098671061047451047e+00 -8.664578007107209601e+00 4.500743751271406735e-17
-1.916548591678368663e+00 -5.208034662697100248e-02 -5.208034662697100248e-02 -5.208034662697100248e-02 1.584758490042747159e+00
3.419430426876821194e+00 -1.336922420526419852e+00 -1.336922420526419852e+00 -1.336922420526419852e+00 -1.584758490042747159e+00
1.739739827838985509e+00 2.567965417400927541e-01 2.567965417400927541e-01 2.567965417400927541e-01 -1.223143332234481573e+00
-5.157954780943685424e-01 4.292934755305324757e+00 4.292934755305324757e+00 4.292934755305324757e+00 2.564499116025258818e+00
2.265438997893062911e+00 2.020984782224873655e+00 2.020984782224873655e+00 2.020984782224873655e+00 8.940320605457756642e-01
9.510852357495462872e-01 -2.549892332409735562e-01 -2.549892332409735562e-01 -2.549892332409735562e-01 -2.160678996424117315e+00
0.000000000000000000e+00 0.000000000000000000e+00 0.000000000000000000e+00 0.000000000000000000e+00 -1.513019652329949505e+00
0.000000000000000000e+00 0.000000000000000000e+00 0.000000000000000000e+00 0.000000000000000000e+00 -9.395762620199263893e-01
0.000000000000000000e+00 0.000000000000000000e+00 0.000000000000000000e+00 0.000000000000000000e+00 -1.000000000000000000e+00
0.000000000000000000e+00 0.000000000000000000e+00 0.000000000000000000e+00 0.000000000000000000e+00 1.000000000000000000e+00
