-1.115252004739110347e+00 0.000000000000000000e+00 0.000000000000000000e+00 0.000000000000000000e+00 0.000000000000000000e+00
-1.000000000000000000e+00 0.000000000000000000e+00 0.000000000000000000e+00 0.000000000000000000e+00 0.000000000000000000e+00
1.000000000000000000e+00 0.000000000000000000e+00 0.000000000000000000e+00 0.000000000000000000e+00 0.000000000000000000e+00
1.460811914462396277e-01 -8.412579854501389676e+00 0.000000000000000000e+00 0.000000000000000000e+00 0.000000000000000000e+00
-5.092548109601306994e-01 5.567838788292541752e-01 0.000000000000000000e+00 0.000000000000000000e+00 0.000000000000000000e+00
-8.387484788234853550e-01 5.540514734530566088e-01 0.000000000000000000e+00 0.000000000000000000e+00 0.000000000000000000e+00
-7.512957617417994616e-01 -4.556696019056220015e-01 0.000000000000000000e+00 0.000000000000000000e+00 0.000000000000000000e+00
-6.187971081440232224e-01 -2.822383516108893931e-01 0.000000000000000000e+00 0.000000000000000000e+00 0.000000000000000000e+00
0.000000000000000000e+00 -9.645398692085640491e-01 0.000000000000000000e+00 0.000000000000000000e+00 0.000000000000000000e+00
0.000000000000000000e+00 -3.611829816684757333e-01 0.000000000000000000e+00 0.000000000000000000e+00 0.000000000000000000e+00
0.000000000000000000e+00 -1.000000000000000000e+00 0.000000000000000000e+00 0.000000000000000000e+00 0.000000000000000000e+00
0.000000000000000000e+00 1.000000000000000000e+00 0.000000000000000000e+00 0.000000000000000000e+00 0.000000000000000000e+00
-4.785513865021684410e-03 -2.488939093516352674e+00 -2.333142686989220671e+00 0.000000000000000000e+00 0.000000000000000000e+00
3.140960029223420769e-01 -9.740481956311715095e+00 -9.668335450071317894e+00 0.000000000000000000e+00 0.000000000000000000e+00
1.427314895516544613e-01 -2.540516382019394892e-01 -2.540516382019394892e-01 0.000000000000000000e+00 0.000000000000000000e+00
0.000000000000000000e+00 -9.595555419187625779e-01 -9.595555419187625779e-01 0.000000000000000000e+00 0.000000000000000000e+00
-5.233432879609762889e-01 1.135269680137606985e+00 1.135269680137606985e+00 0.000000000000000000e+00 0.000000000000000000e+00
-9.661585339344205270e-01 -5.241759801181818945e-01 -5.241759801181818945e-01 0.000000000000000000e+00 0.000000000000000000e+00
7.040847939567210223e-02 1.119500562215288153e-01 1.119500562215288153e-01 0.000000000000000000e+00 0.000000000000000000e+00
0.000000000000000000e+00 0.000000000000000000e+00 4.984327289801360195e-03 0.000000000000000000e+00 0.000000000000000000e+00
0.000000000000000000e+00 0.000000000000000000e+00 -3.425289638414596993e-03 0.000000000000000000e+00 0.000000000000000000e+00
0.000000000000000000e+00 0.000000000000000000e+00 -1.000000000000000000e+00 0.000000000000000000e+00 0.000000000000000000e+00
0.000000000000000000e+00 0.000000000000000000e+00 1.000000000000000000e+00 0.000000000000000000e+00 0.000000000000000000e+00
3.861924850918189156e-01 -9.426054165187562006e+00 -9.075305902958232807e+00 -8.686576965359371627e+00 0.000000000000000000e+00
0.000000000000000000e+00 4.643448810885993372e-01 4.643448810885993372e-01 4.643448810885993372e-01 0.000000000000000000e+00
-1.587586286658977830e+00 4.902002062153324458e-01 4.902002062153324458e-01 4.902002062153324458e-01 0.000000000000000000e+00
-1.754144711116365052e+00 2.350548116200648074e-01 2.350548116200648074e-01 2.350548116200648074e-01 0.000000000000000000e+00
-1.380385447511919272e+00 7.653895853994119314e-01 7.653895853994119314e-01 7.653895853994119314e-01 0.000000000000000000e+00
-3.392771360645566170e-01 -4.817079081301404164e-01 -4.817079081301404164e-01 -4.817079081301404164e-01 0.000000000000000000e+00
0.000000000000000000e+00 0.000000000000000000e+00 0.000000000000000000e+00 1.423900423007362193e+00 0.000000000000000000e+00
0.000000000000000000e+00 0.000000000000000000e+00 0.000000000000000000e+00 -9.488826418365494675e-01 0.000000000000000000e+00
0.000000000000000000e+00 0.000000000000000000e+00 0.000000000000000000e+00 -1.000000000000000000e+00 0.000000000000000000e+00
0.000000000000000000e+00 0.000000000000000000e+00 0.000000000000000000e+00 1.000000000000000000e+00 0.000000000000000000e+00
7.184105213479455125e-03 -5.471764311194839969e-01 -1.266617561602462194e+00 -9.590805660519852172e-01 0.000000000000000000e+00
2.897586251291834891e-01 5.177550102735011262e-01 1.017675817127391691e-01 -4.119793258505227707e-03 4.400328497465045174e+00
-6.909323172390008372e-01 1.126996498876382979e+01 1.048914058108036151e+01 9.610095082478162354e+00 -7.776572426774993607e-01
3.652117954873884131e-01 -4.732181583348889831e+00 -4.472431367834586169e+00 -4.405088598730768190e+00 1.383949172052422151e-17
6.387406967524530410e-01 1.012359041523186898e+00 1.012359041523186898e+00 1.012359041523186898e+00 -6.440691811638180608e-01
4.128481335498178639e-01 -1.038214366649919285e+00 -1.038214366649919285e+00 -1.038214366649919285e+00 6.440691811638179498e-01
-1.823438014310432509e+00 1.034667669468579021e+00 1.034667669468579021e+00 1.034667669468579021e+00 -6.730240646329910259e-01
2.232196307514411338e+00 -3.154941905142595093e+00 -3.154941905142595093e+00 -3.154941905142595093e+00 1.483169332881897562e+00
1.181079096786802785e+00 -2.586373560226262747e-02 -2.586373560226262747e-02 -2.586373560226262747e-02 -2.854904827746929108e-02
1.579530876953823881e+00 -4.236346779845861832e+00 -4.236346779845861832e+00 -4.236346779845861832e+00 2.397916262879213889e+00
0.000000000000000000e+00 0.000000000000000000e+00 0.000000000000000000e+00 0.000000000000000000e+00 4.510852782621377344e-01
0.000000000000000000e+00 0.000000000000000000e+00 0.000000000000000000e+00 0.000000000000000000e+00 -1.113249483552331220e+00
0.000000000000000000e+00 0.000000000000000000e+00 0.000000000000000000e+00 0.000000000000000000e+00 -1.000000000000000000e+00
0.000000000000000000e+00 0.000000000000000000e+00 0.000000000000000000e+00 0.000000000000000000e+00 1.000000000000000000e+00
