9.561665476683347542e-01 0.000000000000000000e+00 0.000000000000000000e+00 0.000000000000000000e+00 0.000000000000000000e+00
1.000000000000000000e+00 0.000000000000000000e+00 0.000000000000000000e+00 0.000000000000000000e+00 0.000000000000000000e+00
1.000000000000000000e+00 0.000000000000000000e+00 0.000000000000000000e+00 0.000000000000000000e+00 0.000000000000000000e+00
-2.444334797035879192e-01 2.302957249979287635e+00 0.000000000000000000e+00 0.000000000000000000e+00 0.000000000000000000e+00
-2.314833094244177047e+00 2.000407164813261252e-01 0.000000000000000000e+00 0.000000000000000000e+00 0.000000000000000000e+00
2.061952401180294991e+00 -8.220681706577324110e-01 0.000000000000000000e+00 0.000000000000000000e+00 0.000000000000000000e+00
-2.344420871590122246e+00 3.854865640487206147e-01 0.000000000000000000e+00 0.000000000000000000e+00 0.000000000000000000e+00
1.746599878147521157e+00 1.672982029353276445e+00 0.000000000000000000e+00 0.000000000000000000e+00 0.000000000000000000e+00
0.000000000000000000e+00 -1.175596858447994109e+00 0.000000000000000000e+00 0.000000000000000000e+00 0.000000000000000000e+00
0.000000000000000000e+00 1.636072021884877437e+00 0.000000000000000000e+00 0.000000000000000000e+00 0.000000000000000000e+00
0.000000000000000000e+00 1.000000000000000000e+00 0.000000000000000000e+00 0.000000000000000000e+00 0.000000000000000000e+00
0.000000000000000000e+00 1.000000000000000000e+00 0.000000000000000000e+00 0.000000000000000000e+00 0.000000000000000000e+00
6.041036874517763389e-01 -3.098793960514685253e+00 -3.845211565333574555e+00 0.000000000000000000e+00 0.000000000000000000e+00
-2.725358073798588299e-01 -9.988104651402782252e+00 -9.671147723843041888e+00 0.000000000000000000e+00 0.000000000000000000e+00
9.907407319519090372e-01 -2.430309318796287921e-01 -2.430309318796287921e-01 0.000000000000000000e+00 0.000000000000000000e+00
-0.000000000000000000e+00 -1.982978638412937755e+00 -1.982978638412937755e+00 0.000000000000000000e+00 0.000000000000000000e+00
-2.662498204728960260e+00 7.743417170790148907e-01 7.743417170790148907e-01 0.000000000000000000e+00 0.000000000000000000e+00
-3.253425853559259728e+00 -1.649829116871745605e+00 -1.649829116871745605e+00 0.000000000000000000e+00 0.000000000000000000e+00
-4.133857829030879394e+00 4.749027760745210269e-01 4.749027760745210269e-01 0.000000000000000000e+00 0.000000000000000000e+00
0.000000000000000000e+00 0.000000000000000000e+00 -8.073817799649436466e-01 0.000000000000000000e+00 0.000000000000000000e+00
0.000000000000000000e+00 0.000000000000000000e+00 5.713043034470288717e-01 0.000000000000000000e+00 0.000000000000000000e+00
0.000000000000000000e+00 0.000000000000000000e+00 1.000000000000000000e+00 0.000000000000000000e+00 0.000000000000000000e+00
0.000000000000000000e+00 0.000000000000000000e+00 1.000000000000000000e+00 0.000000000000000000e+00 0.000000000000000000e+00
-1.617619236887078427e-01 -1.020061460166600753e+01 -9.756489175002403869e+00 -9.278680051263059170e+00 0.000000000000000000e+00
-0.000000000000000000e+00 -3.245446732644413412e+00 -3.245446732644413412e+00 -3.245446732644413412e+00 0.000000000000000000e+00
-2.110199417378723741e+00 1.372125126293870789e-01 1.372125126293870789e-01 1.372125126293870789e-01 0.000000000000000000e+00
-1.756549985523895963e+00 2.606852100340149025e-01 2.606852100340149025e-01 2.606852100340149025e-01 0.000000000000000000e+00
-2.236504707924336532e+00 8.720964027684791064e-01 8.720964027684791064e-01 8.720964027684791064e-01 0.000000000000000000e+00
-3.553366765027262009e+00 -1.696912485330523523e+00 -1.696912485330523523e+00 -1.696912485330523523e+00 0.000000000000000000e+00
0.000000000000000000e+00 0.000000000000000000e+00 0.000000000000000000e+00 -1.262468094231475657e+00 0.000000000000000000e+00
0.000000000000000000e+00 0.000000000000000000e+00 0.000000000000000000e+00 -6.988231878357522575e-01 0.000000000000000000e+00
0.000000000000000000e+00 0.000000000000000000e+00 0.000000000000000000e+00 -1.000000000000000000e+00 0.000000000000000000e+00
0.000000000000000000e+00 0.000000000000000000e+00 0.000000000000000000e+00 1.000000000000000000e+00 0.000000000000000000e+00
1.388680070710076042e-01 -2.569611760222255015e+00 -1.248506847494834648e+00 -6.798509745893784872e-01 0.000000000000000000e+00
-8.820508288393110741e-01 -1.188805331696316525e+00 -1.763062972560274222e+00 -1.439237307286181711e+00 -3.036839079044920897e+00
3.037773862811203873e-01 -1.148344766652969184e+01 -1.107741915188625192e+01 -1.015494654986905410e+01 1.022724860812837866e+00
6.001871775140394938e-01 -3.875590426623482632e+00 -4.269402791586124124e+00 -3.856002167714542406e+00 2.532222295570853610e-16
4.325369635351948849e-01 -3.401041010712326340e+00 -3.401041010712326340e+00 -3.401041010712326340e+00 -7.109456223794356419e-03
-3.915691976602305585e-02 1.838176543852578296e-02 1.838176543852578296e-02 1.838176543852578296e-02 7.109456223794992195e-03
-2.928218536944859007e+00 3.063434550062572037e-01 3.063434550062572037e-01 3.063434550062572037e-01 -2.473579208976427246e+00
1.750924236405591250e+00 -3.199036290612616185e+00 -3.199036290612616185e+00 -3.199036290612616185e+00 2.296767587646381781e+00
2.800478622730497413e+00 2.655682396883094043e+00 2.655682396883094043e+00 2.655682396883094043e+00 3.127882382714065379e+00
-2.421917424228499982e+00 4.202913140481468801e+00 4.202913140481468801e+00 4.202913140481468801e+00 -2.893193276698418082e+00
0.000000000000000000e+00 0.000000000000000000e+00 0.000000000000000000e+00 0.000000000000000000e+00 -5.576456293082125981e-01
0.000000000000000000e+00 0.000000000000000000e+00 0.000000000000000000e+00 0.000000000000000000e+00 1.164924385670918383e+00
0.000000000000000000e+00 0.000000000000000000e+00 0.000000000000000000e+00 0.000000000000000000e+00 1.000000000000000000e+00
0.000000000000000000e+00 0.000000000000000000e+00 0.000000000000000000e+00 0.000000000000000000e+00 1.000000000000000000e+00
