-1.119954957905091142e+00 0.000000000000000000e+00 0.000000000000000000e+00 0.000000000000000000e+00 0.000000000000000000e+00
-1.000000000000000000e+00 0.000000000000000000e+00 0.000000000000000000e+00 0.000000000000000000e+00 0.000000000000000000e+00
1.000000000000000000e+00 0.000000000000000000e+00 0.000000000000000000e+00 0.000000000000000000e+00 0.000000000000000000e+00
-3.156937564786880257e-01 -9.770290263605749814e+00 0.000000000000000000e+00 0.000000000000000000e+00 0.000000000000000000e+00
2.007998254586674247e-01 2.571821622419484532e-01 0.000000000000000000e+00 0.000000000000000000e+00 0.000000000000000000e+00
1.290815394999148991e+00 1.143982339621568478e+00 0.000000000000000000e+00 0.000000000000000000e+00 0.000000000000000000e+00
1.954691019266358687e+00 1.812769285969663580e+00 0.000000000000000000e+00 0.000000000000000000e+00 0.000000000000000000e+00
3.502526878273383160e-01 3.887883343509216383e-01 0.000000000000000000e+00 0.000000000000000000e+00 0.000000000000000000e+00
0.000000000000000000e+00 1.984677741419245578e+00 0.000000000000000000e+00 0.000000000000000000e+00 0.000000000000000000e+00
0.000000000000000000e+00 2.596926285284713032e-01 0.000000000000000000e+00 0.000000000000000000e+00 0.000000000000000000e+00
0.000000000000000000e+00 1.000000000000000000e+00 0.000000000000000000e+00 0.000000000000000000e+00 0.000000000000000000e+00
0.000000000000000000e+00 1.000000000000000000e+00 0.000000000000000000e+00 0.000000000000000000e+00 0.000000000000000000e+00
7.608214884647035436e-01 9.335280831831379800e+00 8.991468739859966419e+00 0.000000000000000000e+00 0.000000000000000000e+00
-3.233303934399355262e-01 -5.059945092953152646e+00 -5.102252039376526938e+00 0.000000000000000000e+00 0.000000000000000000e+00
1.681712251759582388e+00 5.794887312700676141e-01 5.794887312700676141e-01 0.000000000000000000e+00 0.000000000000000000e+00
-0.000000000000000000e+00 1.524832079979082211e+00 1.524832079979082211e+00 0.000000000000000000e+00 0.000000000000000000e+00
1.381825222512433893e+00 -4.796222398845181867e-01 -4.796222398845181867e-01 0.000000000000000000e+00 0.000000000000000000e+00
9.717260092453610110e-01 1.030274033719760673e+00 1.030274033719760673e+00 0.000000000000000000e+00 0.000000000000000000e+00
1.184584080890211277e+00 1.541370905565931926e+00 1.541370905565931926e+00 0.000000000000000000e+00 0.000000000000000000e+00
0.000000000000000000e+00 0.000000000000000000e+00 -4.598456614401635889e-01 0.000000000000000000e+00 0.000000000000000000e+00
0.000000000000000000e+00 0.000000000000000000e+00 1.270796723049105736e-01 0.000000000000000000e+00 0.000000000000000000e+00
0.000000000000000000e+00 0.000000000000000000e+00 1.000000000000000000e+00 0.000000000000000000e+00 0.000000000000000000e+00
0.000000000000000000e+00 0.000000000000000000e+00 1.000000000000000000e+00 0.000000000000000000e+00 0.000000000000000000e+00
5.762019141105562126e-01 6.193993694410106166e+00 6.371631917510932830e+00 6.240718978527725724e+00 0.000000000000000000e+00
0.000000000000000000e+00 3.381931160136741443e+00 3.381931160136741443e+00 3.381931160136741443e+00 0.000000000000000000e+00
9.527585517758535572e-01 -6.239561822126020729e-01 -6.239561822126020729e-01 -6.239561822126020729e-01 0.000000000000000000e+00
-2.501330869685620240e+00 -1.375448977154344110e+00 -1.375448977154344110e+00 -1.375448977154344110e+00 0.000000000000000000e+00
1.868700828934295233e+00 -1.264159103218883418e-01 -1.264159103218883418e-01 -1.264159103218883418e-01 0.000000000000000000e+00
-2.276166334096266120e+00 -1.243152832248471285e+00 -1.243152832248471285e+00 -1.243152832248471285e+00 0.000000000000000000e+00
0.000000000000000000e+00 0.000000000000000000e+00 0.000000000000000000e+00 1.857099080157659454e+00 0.000000000000000000e+00
0.000000000000000000e+00 0.000000000000000000e+00 0.000000000000000000e+00 -4.937413927346705478e-01 0.000000000000000000e+00
0.000000000000000000e+00 0.000000000000000000e+00 0.000000000000000000e+00 -1.000000000000000000e+00 0.000000000000000000e+00
0.000000000000000000e+00 0.000000000000000000e+00 0.000000000000000000e+00 1.000000000000000000e+00 0.000000000000000000e+00
3.487699266704184699e-03 -1.645970846394380072e-01 -4.666651965114231304e-01 -1.528517050124048371e+00 0.000000000000000000e+00
-1.398046848899126282e-01 -2.278326885929074397e+00 -2.277623366376755332e+00 -2.051921145312426642e+00 -6.436858496602836155e+00
9.644550814057940846e-02 5.987915475842871871e+00 5.767343721082996311e+00 5.455857243918887711e+00 -2.788564501478695501e+00
-1.810708347657269401e-01 -7.226862769525103758e+00 -6.659570823622440017e+00 -6.138262660854300279e+00 3.638423732942657275e-17
-4.224509256497778198e-01 1.954450038201528628e+00 1.954450038201528628e+00 1.954450038201528628e+00 1.680530510145170076e-01
1.323685052684260732e+00 2.051437304147814444e+00 2.051437304147814444e+00 2.051437304147814444e+00 -1.680530510145168410e-01
-1.359030312515109307e-01 -1.335493829305347546e+00 -1.335493829305347546e+00 -1.335493829305347546e+00 3.929126167428170779e-01
3.411457847347925676e-01 2.049870343572082643e+00 2.049870343572082643e+00 2.049870343572082643e+00 -6.160809863280335419e-01
5.058002795744981350e-01 -1.146073797635828395e+00 -1.146073797635828395e+00 -1.146073797635828395e+00 -3.275408417882202272e+00
8.343715921779345512e-01 1.581977863077165924e+00 1.581977863077165924e+00 1.581977863077165924e+00 -2.606635284223137283e+00
0.000000000000000000e+00 0.000000000000000000e+00 0.000000000000000000e+00 0.000000000000000000e+00 1.724943666378002227e+00
0.000000000000000000e+00 0.000000000000000000e+00 0.000000000000000000e+00 0.000000000000000000e+00 8.563688404316409652e-01
0.000000000000000000e+00 0.000000000000000000e+00 0.000000000000000000e+00 0.000000000000000000e+00 1.000000000000000000e+00
0.000000000000000000e+00 0.000000000000000000e+00 0.000000000000000000e+00 0.000000000000000000e+00 1.000000000000000000e+00
