1.037481144411561029e+00 0.000000000000000000e+00 0.000000000000000000e+00 0.000000000000000000e+00 0.000000000000000000e+00
1.000000000000000000e+00 0.000000000000000000e+00 0.000000000000000000e+00 0.000000000000000000e+00 0.000000000000000000e+00
1.000000000000000000e+00 0.000000000000000000e+00 0.000000000000000000e+00 0.000000000000000000e+00 0.000000000000000000e+00
-7.414457632523424602e-01 3.921647873082005353e-01 0.000000000000000000e+00 0.000000000000000000e+00 0.000000000000000000e+00
1.602804137437602527e+00 -2.081528646333177107e-02 0.000000000000000000e+00 0.000000000000000000e+00 0.000000000000000000e+00
3.943467837517697916e+00 -1.075561752387589554e+00 0.000000000000000000e+00 0.000000000000000000e+00 0.000000000000000000e+00
3.708815426510559288e+00 -2.951437557073023285e-02 0.000000000000000000e+00 0.000000000000000000e+00 0.000000000000000000e+00
9.449211957539361828e-01 1.525629666468476753e+00 0.000000000000000000e+00 0.000000000000000000e+00 0.000000000000000000e+00
0.000000000000000000e+00 8.730082118814346259e-01 0.000000000000000000e+00 0.000000000000000000e+00 0.000000000000000000e+00
0.000000000000000000e+00 1.930388132225903774e+00 0.000000000000000000e+00 0.000000000000000000e+00 0.000000000000000000e+00
0.000000000000000000e+00 1.000000000000000000e+00 0.000000000000000000e+00 0.000000000000000000e+00 0.000000000000000000e+00
0.000000000000000000e+00 1.000000000000000000e+00 0.000000000000000000e+00 0.000000000000000000e+00 0.000000000000000000e+00
1.155558553388131848e+00 5.848188391873869740e-01 -1.318719133188252179e+00 0.000000000000000000e+00 0.000000000000000000e+00
1.635662877058610354e+00 9.997735883493259479e+00 9.722609218972484868e+00 0.000000000000000000e+00 0.000000000000000000e+00
-6.004620134789491193e-01 9.015403780885102025e-02 9.015403780885102025e-02 0.000000000000000000e+00 0.000000000000000000e+00
-0.000000000000000000e+00 9.967175964289263224e-01 9.967175964289263224e-01 0.000000000000000000e+00 0.000000000000000000e+00
-6.939017386768826512e+00 1.061157474491088326e+00 1.061157474491088326e+00 0.000000000000000000e+00 0.000000000000000000e+00
-2.032924437681340013e+00 -1.520515070955855030e+00 -1.520515070955855030e+00 0.000000000000000000e+00 0.000000000000000000e+00
1.224210939296632006e+01 -1.282610485305335501e-01 -1.282610485305335501e-01 0.000000000000000000e+00 0.000000000000000000e+00
0.000000000000000000e+00 0.000000000000000000e+00 1.237093845474914744e-01 0.000000000000000000e+00 0.000000000000000000e+00
0.000000000000000000e+00 0.000000000000000000e+00 1.586665126517584845e+00 0.000000000000000000e+00 0.000000000000000000e+00
0.000000000000000000e+00 0.000000000000000000e+00 1.000000000000000000e+00 0.000000000000000000e+00 0.000000000000000000e+00
0.000000000000000000e+00 0.000000000000000000e+00 1.000000000000000000e+00 0.000000000000000000e+00 0.000000000000000000e+00
1.874815278610798330e+00 9.867482627196618949e+00 9.092790149381917431e+00 1.074306408659649392e+01 0.000000000000000000e+00
-0.000000000000000000e+00 1.192816578018829787e+00 1.192816578018829787e+00 1.192816578018829787e+00 0.000000000000000000e+00
3.660784518671922783e+00 -3.473440808132475244e-01 -3.473440808132475244e-01 -3.473440808132475244e-01 0.000000000000000000e+00
1.081586173593377609e+01 -5.243421272900130603e-01 -5.243421272900130603e-01 -5.243421272900130603e-01 0.000000000000000000e+00
-4.494976262597749184e+00 8.221767120864378331e-01 8.221767120864378331e-01 8.221767120864378331e-01 0.000000000000000000e+00
-5.227746694495513324e+00 -1.432997666126163416e+00 -1.432997666126163416e+00 -1.432997666126163416e+00 0.000000000000000000e+00
0.000000000000000000e+00 0.000000000000000000e+00 0.000000000000000000e+00 1.960989815899032429e-01 0.000000000000000000e+00
0.000000000000000000e+00 0.000000000000000000e+00 0.000000000000000000e+00 -5.965033477097891890e-02 0.000000000000000000e+00
0.000000000000000000e+00 0.000000000000000000e+00 0.000000000000000000e+00 -1.000000000000000000e+00 0.000000000000000000e+00
0.000000000000000000e+00 0.000000000000000000e+00 0.000000000000000000e+00 1.000000000000000000e+00 0.000000000000000000e+00
2.662469812020544779e-01 1.210159618164514006e+00 -9.580587293127273973e-01 -8.976225042478223060e-01 0.000000000000000000e+00
1.612231489865081135e+00 8.364887820683858166e+00 7.133931687268390220e+00 8.165673988885048473e+00 -4.659632893100354778e+00
2.341248231859096141e+00 5.747880251966855703e+00 5.918413670226259526e+00 7.024021460936417327e+00 1.447013068241022271e+00
-2.675547729706884148e-01 -1.458581613035898616e+00 -3.151508328660525216e+00 -3.781779399529754393e+00 -2.038634685732593035e-16
-6.648127688204688468e+00 -2.414736770628418405e+00 -2.414736770628418405e+00 -2.414736770628418405e+00 6.035152632533493211e+00
4.513258297439311839e+00 3.954897429460497715e+00 3.954897429460497715e+00 3.954897429460497715e+00 -6.035152632533494099e+00
1.482302025093825693e+00 -5.769663609878588999e-04 -5.769663609878588999e-04 -5.769663609878588999e-04 -1.576369034989814288e+00
-2.659978901286911057e+00 -5.061419568644760503e-01 -5.061419568644760503e-01 -5.061419568644760503e-01 5.017694835441371959e-01
-1.209990967298653075e-01 1.254492053107599814e-01 1.254492053107599814e-01 1.254492053107599814e-01 3.741862240041842202e+00
-7.385204130280119017e+00 -3.443936256267511320e-01 -3.443936256267511320e-01 -3.443936256267511320e-01 5.193204040431314894e+00
0.000000000000000000e+00 0.000000000000000000e+00 0.000000000000000000e+00 0.000000000000000000e+00 1.089207109604549029e+00
0.000000000000000000e+00 0.000000000000000000e+00 0.000000000000000000e+00 0.000000000000000000e+00 9.726874648458205819e-01
0.000000000000000000e+00 0.000000000000000000e+00 0.000000000000000000e+00 0.000000000000000000e+00 1.000000000000000000e+00
0.000000000000000000e+00 0.000000000000000000e+00 0.000000000000000000e+00 0.000000000000000000e+00 1.000000000000000000e+00
