-1.077506487069023411e+00 0.000000000000000000e+00 0.000000000000000000e+00 0.000000000000000000e+00 0.000000000000000000e+00
-1.000000000000000000e+00 0.000000000000000000e+00 0.000000000000000000e+00 0.000000000000000000e+00 0.000000000000000000e+00
1.000000000000000000e+00 0.000000000000000000e+00 0.000000000000000000e+00 0.000000000000000000e+00 0.000000000000000000e+00
-5.217470830399948412e-01 -9.284763141171293199e+00 0.000000000000000000e+00 0.000000000000000000e+00 0.000000000000000000e+00
1.315375700505590162e+00 3.891181104099375454e-01 0.000000000000000000e+00 0.000000000000000000e+00 0.000000000000000000e+00
3.269800805862210780e+00 8.615778306807280185e-01 0.000000000000000000e+00 0.000000000000000000e+00 0.000000000000000000e+00
7.862852271070038812e-01 8.667161503091729280e-01 0.000000000000000000e+00 0.000000000000000000e+00 0.000000000000000000e+00
-2.633639292205943949e+00 3.334868724343851287e-01 0.000000000000000000e+00 0.000000000000000000e+00 0.000000000000000000e+00
0.000000000000000000e+00 -2.119160008591127742e-01 0.000000000000000000e+00 0.000000000000000000e+00 0.000000000000000000e+00
0.000000000000000000e+00 1.655393302412198953e+00 0.000000000000000000e+00 0.000000000000000000e+00 0.000000000000000000e+00
0.000000000000000000e+00 1.000000000000000000e+00 0.000000000000000000e+00 0.000000000000000000e+00 0.000000000000000000e+00
0.000000000000000000e+00 1.000000000000000000e+00 0.000000000000000000e+00 0.000000000000000000e+00 0.000000000000000000e+00
1.134911117615888143e+00 9.736681577964075629e+00 9.343125629605248506e+00 0.000000000000000000e+00 0.000000000000000000e+00
2.778441108526986669e-01 -2.308927373725929488e+00 -2.189935479216662539e+00 0.000000000000000000e+00 0.000000000000000000e+00
1.543091731781094822e+00 3.017370662824860328e-01 3.017370662824860328e-01 0.000000000000000000e+00 0.000000000000000000e+00
-0.000000000000000000e+00 5.129526224062972428e-01 5.129526224062972428e-01 0.000000000000000000e+00 0.000000000000000000e+00
-1.759425506493681013e+00 -9.918603455333140362e-01 -9.918603455333140362e-01 0.000000000000000000e+00 0.000000000000000000e+00
1.566596805265666248e+00 2.506517756419672782e-01 2.506517756419672782e-01 0.000000000000000000e+00 0.000000000000000000e+00
9.359101324099017294e-02 8.941946469647141793e-01 8.941946469647141793e-01 0.000000000000000000e+00 0.000000000000000000e+00
0.000000000000000000e+00 0.000000000000000000e+00 7.248686232654102390e-01 0.000000000000000000e+00 0.000000000000000000e+00
0.000000000000000000e+00 0.000000000000000000e+00 -4.375287788183275239e-01 0.000000000000000000e+00 0.000000000000000000e+00
0.000000000000000000e+00 0.000000000000000000e+00 -1.000000000000000000e+00 0.000000000000000000e+00 0.000000000000000000e+00
0.000000000000000000e+00 0.000000000000000000e+00 1.000000000000000000e+00 0.000000000000000000e+00 0.000000000000000000e+00
9.206238023264980974e-01 8.552111019673100500e+00 8.424930539427533560e+00 8.209090600965534890e+00 0.000000000000000000e+00
0.000000000000000000e+00 1.763728616034068164e+00 1.763728616034068164e+00 1.763728616034068164e+00 0.000000000000000000e+00
7.751354283961331415e-01 -4.580761770881823791e-01 -4.580761770881823791e-01 -4.580761770881823791e-01 0.000000000000000000e+00
-7.737485659894142165e-01 -4.078319311397204383e-01 -4.078319311397204383e-01 -4.078319311397204383e-01 0.000000000000000000e+00
6.929748094784807799e-01 7.131849953929311203e-01 7.131849953929311203e-01 7.131849953929311203e-01 0.000000000000000000e+00
-1.584945616339799024e+00 -8.343161842105588644e-01 -8.343161842105588644e-01 -8.343161842105588644e-01 0.000000000000000000e+00
0.000000000000000000e+00 0.000000000000000000e+00 0.000000000000000000e+00 1.250775993627771143e+00 0.000000000000000000e+00
0.000000000000000000e+00 0.000000000000000000e+00 0.000000000000000000e+00 -1.247948503374844531e+00 0.000000000000000000e+00
0.000000000000000000e+00 0.000000000000000000e+00 0.000000000000000000e+00 -1.000000000000000000e+00 0.000000000000000000e+00
0.000000000000000000e+00 0.000000000000000000e+00 0.000000000000000000e+00 1.000000000000000000e+00 0.000000000000000000e+00
9.077625996337290726e-02 8.302926840385121965e-01 2.962200471659472978e-01 -9.116879909928652381e-01 0.000000000000000000e+00
-3.903454156631437910e-01 4.380540477948840383e+00 3.641871041937297715e+00 3.288284732061774296e+00 -3.951021446749503951e+00
1.095103423592076686e+00 7.203326265697837627e+00 6.162456677935574056e+00 5.572594867504668592e+00 1.557064252187780884e+00
-3.673056323826763281e-01 -4.220717599162228773e+00 -3.874610744339753499e+00 -3.697701559653777892e+00 -6.304229056392840188e-17
2.422385291764272627e-02 1.232727208815345810e+00 1.232727208815345810e+00 1.232727208815345810e+00 -1.058473958539545151e-01
1.293012483163037407e-01 9.890775843069052886e-01 9.890775843069052886e-01 9.890775843069052886e-01 1.058473958539543625e-01
5.066511733483357593e-01 -1.355342937664902436e+00 -1.355342937664902436e+00 -1.355342937664902436e+00 -5.218229627229995504e-01
1.750113520220091812e-01 6.723397545939627795e-01 6.723397545939627795e-01 6.723397545939627795e-01 -7.570036296856862135e-02
-1.081914197193054150e+00 4.604951010313772741e+00 4.604951010313772741e+00 4.604951010313772741e+00 -2.076697743097870585e+00
1.308240240964610779e+00 6.536750448506933431e+00 6.536750448506933431e+00 6.536750448506933431e+00 8.636863003576118469e-01
0.000000000000000000e+00 0.000000000000000000e+00 0.000000000000000000e+00 0.000000000000000000e+00 3.267289409205922368e-01
0.000000000000000000e+00 0.000000000000000000e+00 0.000000000000000000e+00 0.000000000000000000e+00 1.896170770315115384e+00
0.000000000000000000e+00 0.000000000000000000e+00 0.000000000000000000e+00 0.000000000000000000e+00 1.000000000000000000e+00
0.000000000000000000e+00 0.000000000000000000e+00 0.000000000000000000e+00 0.000000000000000000e+00 1.000000000000000000e+00
