1.785050388732154047e+00 0.000000000000000000e+00 0.000000000000000000e+00 0.000000000000000000e+00 0.000000000000000000e+00
1.000000000000000000e+00 0.000000000000000000e+00 0.000000000000000000e+00 0.000000000000000000e+00 0.000000000000000000e+00
1.000000000000000000e+00 0.000000000000000000e+00 0.000000000000000000e+00 0.000000000000000000e+00 0.000000000000000000e+00
4.883588110495809542e-02 -7.443729934277548921e+00 0.000000000000000000e+00 0.000000000000000000e+00 0.000000000000000000e+00
-2.828950894554333573e+00 1.575697548266402181e+00 0.000000000000000000e+00 0.000000000000000000e+00 0.000000000000000000e+00
-1.020412157363859595e+00 4.710467817090089326e-01 0.000000000000000000e+00 0.000000000000000000e+00 0.000000000000000000e+00
2.109899726542707743e+00 -1.536106862434242770e-01 0.000000000000000000e+00 0.000000000000000000e+00 0.000000000000000000e+00
-1.367565458593286154e+00 -1.323566260917847792e-01 0.000000000000000000e+00 0.000000000000000000e+00 0.000000000000000000e+00
0.000000000000000000e+00 7.057197917572461954e-01 0.000000000000000000e+00 0.000000000000000000e+00 0.000000000000000000e+00
0.000000000000000000e+00 1.553470283503856741e+00 0.000000000000000000e+00 0.000000000000000000e+00 0.000000000000000000e+00
0.000000000000000000e+00 1.000000000000000000e+00 0.000000000000000000e+00 0.000000000000000000e+00 0.000000000000000000e+00
0.000000000000000000e+00 1.000000000000000000e+00 0.000000000000000000e+00 0.000000000000000000e+00 0.000000000000000000e+00
-6.719816360897284957e-01 -1.169261464942061401e+00 -5.902175021065092508e-01 0.000000000000000000e+00 0.000000000000000000e+00
1.730920699688637487e+00 -1.074345521959498839e+01 -1.005483527225092288e+01 0.000000000000000000e+00 0.000000000000000000e+00
7.372170062659815226e-01 -3.326587826777293033e-01 -3.326587826777293033e-01 0.000000000000000000e+00 0.000000000000000000e+00
-0.000000000000000000e+00 -8.968874032349518632e-01 -8.968874032349518632e-01 0.000000000000000000e+00 0.000000000000000000e+00
-6.884455629760697803e+00 3.116172116915062684e+00 3.116172116915062684e+00 0.000000000000000000e+00 0.000000000000000000e+00
-1.305137881191681393e+00 -2.016467429589126059e-01 -2.016467429589126059e-01 0.000000000000000000e+00 0.000000000000000000e+00
-3.820163512750711643e+00 2.128639125447007174e-02 2.128639125447007174e-02 0.000000000000000000e+00 0.000000000000000000e+00
0.000000000000000000e+00 0.000000000000000000e+00 -1.602607194992197392e+00 0.000000000000000000e+00 0.000000000000000000e+00
0.000000000000000000e+00 0.000000000000000000e+00 4.304822036657514062e-01 0.000000000000000000e+00 0.000000000000000000e+00
0.000000000000000000e+00 0.000000000000000000e+00 1.000000000000000000e+00 0.000000000000000000e+00 0.000000000000000000e+00
0.000000000000000000e+00 0.000000000000000000e+00 1.000000000000000000e+00 0.000000000000000000e+00 0.000000000000000000e+00
-1.638067861062111996e+00 6.812386715665198267e+00 6.912335589911120515e+00 6.558615742681942251e+00 0.000000000000000000e+00
-0.000000000000000000e+00 -2.376045802678623087e+00 -2.376045802678623087e+00 -2.376045802678623087e+00 0.000000000000000000e+00
-3.023276825316687955e+00 1.588099115113572157e+00 1.588099115113572157e+00 1.588099115113572157e+00 0.000000000000000000e+00
9.309277693848461155e-02 -1.490011470279903882e-01 -1.490011470279903882e-01 -1.490011470279903882e-01 0.000000000000000000e+00
6.722817680841937094e-01 -2.548350982721275804e-01 -2.548350982721275804e-01 -2.548350982721275804e-01 0.000000000000000000e+00
3.604103244868166023e+00 1.375251889034130315e-01 1.375251889034130315e-01 1.375251889034130315e-01 0.000000000000000000e+00
0.000000000000000000e+00 0.000000000000000000e+00 0.000000000000000000e+00 -1.479158399443671446e+00 0.000000000000000000e+00
0.000000000000000000e+00 0.000000000000000000e+00 0.000000000000000000e+00 -3.372667667399134039e-01 0.000000000000000000e+00
0.000000000000000000e+00 0.000000000000000000e+00 0.000000000000000000e+00 -1.000000000000000000e+00 0.000000000000000000e+00
0.000000000000000000e+00 0.000000000000000000e+00 0.000000000000000000e+00 1.000000000000000000e+00 0.000000000000000000e+00
-2.212833661333960533e-01 2.442552860191861352e+00 1.305761191334871008e+00 1.189307641760351864e+00 0.000000000000000000e+00
-5.751663470950381107e-01 1.591369397497701010e+00 1.243190304197486329e+00 1.114443427942601428e+00 -5.310933957165998365e+00
1.260926495874161057e+00 -6.908284379059648650e+00 -6.790442722720205992e+00 -6.112642727111833096e+00 -1.476677479547789940e+00
4.951514591725096337e-01 6.095829505283072436e+00 5.388257118384570887e+00 4.591356049023836761e+00 5.805119646783761150e-17
9.310942196296513318e-01 -1.854234789941923589e+00 -1.854234789941923589e+00 -1.854234789941923589e+00 1.965301927432347107e+00
1.889415450066171953e+00 -2.109910127850271877e+00 -2.109910127850271877e+00 -2.109910127850271877e+00 -1.965301927432346440e+00
-2.655594926153199697e+00 2.398711040712708353e+00 2.398711040712708353e+00 2.398711040712708353e+00 6.528868620749479490e-01
-1.576984478647164289e+00 2.323746994464421345e+00 2.323746994464421345e+00 2.323746994464421345e+00 2.048095631239210235e+00
2.137705421380619253e+00 -1.288569406833629971e+00 -1.288569406833629971e+00 -1.288569406833629971e+00 -3.444194061477406255e+00
8.145463314700236435e-01 -1.801790542602510925e+00 -1.801790542602510925e+00 -1.801790542602510925e+00 -4.310950411770963164e+00
0.000000000000000000e+00 0.000000000000000000e+00 0.000000000000000000e+00 0.000000000000000000e+00 -1.644635595977042897e+00
0.000000000000000000e+00 0.000000000000000000e+00 0.000000000000000000e+00 0.000000000000000000e+00 -6.179744306900323281e-01
0.000000000000000000e+00 0.000000000000000000e+00 0.000000000000000000e+00 0.000000000000000000e+00 -1.000000000000000000e+00
0.000000000000000000e+00 0.000000000000000000e+00 0.000000000000000000e+00 0.000000000000000000e+00 1.000000000000000000e+00
