1.497429431367897301e+00 0.000000000000000000e+00 0.000000000000000000e+00 0.000000000000000000e+00 0.000000000000000000e+00
1.000000000000000000e+00 0.000000000000000000e+00 0.000000000000000000e+00 0.000000000000000000e+00 0.000000000000000000e+00
1.000000000000000000e+00 0.000000000000000000e+00 0.000000000000000000e+00 0.000000000000000000e+00 0.000000000000000000e+00
6.804094034043572936e-01 -1.013475723620981483e+01 0.000000000000000000e+00 0.000000000000000000e+00 0.000000000000000000e+00
3.447027407545349975e-01 -1.861591017744334831e-01 0.000000000000000000e+00 0.000000000000000000e+00 0.000000000000000000e+00
-4.040145970061028713e+00 2.211168374980293727e+00 0.000000000000000000e+00 0.000000000000000000e+00 0.000000000000000000e+00
-7.670779524137947281e-01 -6.458023120494398306e-01 0.000000000000000000e+00 0.000000000000000000e+00 0.000000000000000000e+00
-1.915240586386664390e+00 5.399033105689765577e-02 0.000000000000000000e+00 0.000000000000000000e+00 0.000000000000000000e+00
0.000000000000000000e+00 -6.048500548752673289e-01 0.000000000000000000e+00 0.000000000000000000e+00 0.000000000000000000e+00
0.000000000000000000e+00 1.404453152112695502e+00 0.000000000000000000e+00 0.000000000000000000e+00 0.000000000000000000e+00
0.000000000000000000e+00 1.000000000000000000e+00 0.000000000000000000e+00 0.000000000000000000e+00 0.000000000000000000e+00
0.000000000000000000e+00 1.000000000000000000e+00 0.000000000000000000e+00 0.000000000000000000e+00 0.000000000000000000e+00
-8.377631185626898125e-01 9.738692564314082034e+00 9.384485459139225938e+00 0.000000000000000000e+00 0.000000000000000000e+00
-1.316231776862138436e-01 9.841933256697570354e-01 9.926160020570966580e-01 0.000000000000000000e+00 0.000000000000000000e+00
-6.107695452642000200e-01 -1.801152399961023498e-01 -1.801152399961023498e-01 0.000000000000000000e+00 0.000000000000000000e+00
-0.000000000000000000e+00 -2.407362363388836357e-01 -2.407362363388836357e-01 0.000000000000000000e+00 0.000000000000000000e+00
5.105447998729569781e-01 -2.213169769468991799e+00 -2.213169769468991799e+00 0.000000000000000000e+00 0.000000000000000000e+00
3.824426241457905967e-02 5.222574120476983217e-02 5.222574120476983217e-02 0.000000000000000000e+00 0.000000000000000000e+00
-2.384296930412453941e-01 -6.459474081158990133e-01 -6.459474081158990133e-01 0.000000000000000000e+00 0.000000000000000000e+00
0.000000000000000000e+00 0.000000000000000000e+00 3.641138185363836932e-01 0.000000000000000000e+00 0.000000000000000000e+00
0.000000000000000000e+00 0.000000000000000000e+00 -1.266956964795572738e+00 0.000000000000000000e+00 0.000000000000000000e+00
0.000000000000000000e+00 0.000000000000000000e+00 -1.000000000000000000e+00 0.000000000000000000e+00 0.000000000000000000e+00
0.000000000000000000e+00 0.000000000000000000e+00 1.000000000000000000e+00 0.000000000000000000e+00 0.000000000000000000e+00
-3.618723542724187614e-01 9.059748719813505602e+00 8.208014400742804639e+00 8.267840481847633427e+00 0.000000000000000000e+00
-0.000000000000000000e+00 -1.660402040422782166e+00 -1.660402040422782166e+00 -1.660402040422782166e+00 0.000000000000000000e+00
1.689973902777245796e+00 -9.302171443638128645e-01 -9.302171443638128645e-01 -9.302171443638128645e-01 0.000000000000000000e+00
3.535130019609751706e+00 3.045831685601645411e-01 3.045831685601645411e-01 3.045831685601645411e-01 0.000000000000000000e+00
-3.491039758060325404e+00 1.251667162041643078e+00 1.251667162041643078e+00 1.251667162041643078e+00 0.000000000000000000e+00
-1.239253168617837630e-03 5.720180727266283016e-01 5.720180727266283016e-01 5.720180727266283016e-01 0.000000000000000000e+00
0.000000000000000000e+00 0.000000000000000000e+00 0.000000000000000000e+00 -1.419665804083898308e+00 0.000000000000000000e+00
0.000000000000000000e+00 0.000000000000000000e+00 0.000000000000000000e+00 1.629119528650950777e+00 0.000000000000000000e+00
0.000000000000000000e+00 0.000000000000000000e+00 0.000000000000000000e+00 1.000000000000000000e+00 0.000000000000000000e+00
0.000000000000000000e+00 0.000000000000000000e+00 0.000000000000000000e+00 1.000000000000000000e+00 0.000000000000000000e+00
1.769361051707586674e-02 1.967584229102135873e-01 3.288030100581469384e-01 -1.051975449414672692e+00 0.000000000000000000e+00
3.348869066653501481e-01 8.724606164241071937e+00 7.903159043351279500e+00 7.956065640455579846e+00 2.726278327503032228e-01
5.296765731297103236e-02 -1.211193696823135602e+00 -1.437014703116157754e+00 -1.447909809926987812e+00 4.829782121455794552e+00
1.002724552887169496e-01 -4.706209736730698978e+00 -4.497586477441100961e+00 -4.984755763371461867e+00 -6.950749801425013009e-17
-1.988944056660125970e+00 8.918554732279717623e-01 8.918554732279717623e-01 8.918554732279717623e-01 8.750364637539869150e-01
-3.490850768621817646e-01 -1.622040369286942285e+00 -1.622040369286942285e+00 -1.622040369286942285e+00 -8.750364637539871371e-01
3.219722809408179787e-01 -8.264866763458328380e-01 -8.264866763458328380e-01 -8.264866763458328380e-01 7.399019073947105118e-01
3.974782819293550151e+00 2.023941332988722364e-01 2.023941332988722364e-01 2.023941332988722364e-01 -3.164565111285350785e+00
-4.143064654137797120e+00 1.126973503975759794e+00 1.126973503975759794e+00 1.126973503975759794e+00 4.842664381629194992e+00
3.514834941043747385e-01 1.855840963293535983e+00 1.855840963293535983e+00 1.855840963293535983e+00 -1.352100008428257727e+00
0.000000000000000000e+00 0.000000000000000000e+00 0.000000000000000000e+00 0.000000000000000000e+00 1.411202158740599177e+00
0.000000000000000000e+00 0.000000000000000000e+00 0.000000000000000000e+00 0.000000000000000000e+00 1.473893462979303237e-01
0.000000000000000000e+00 0.000000000000000000e+00 0.000000000000000000e+00 0.000000000000000000e+00 1.000000000000000000e+00
0.000000000000000000e+00 0.000000000000000000e+00 0.000000000000000000e+00 0.000000000000000000e+00 1.000000000000000000e+00
