0.31629334659047625 0.0 0.0 0.0 0.0
1.0 0.0 0.0 0.0 0.0
1.0 0.0 0.0 0.0 0.0
0.1322829322684657 -0.007976659698114981 0.0 0.0 0.0
5.086887394653839 -0.27912041823741396 0.0 0.0 0.0
-8.215289690586745 -0.11380506314804315 0.0 0.0 0.0
-0.41851308431355116 0.0 0.0 0.0 0.0
0.9535487458756214 1.389887774560977 0.0 0.0 0.0
-1.402666252350368 0.0 0.0 0.0 0.0
0.612720770380969 0.7741841030479126 0.0 0.0 0.0
0.0 -1.1334381117719743 0.0 0.0 0.0
0.0 -1.2188860719983863 0.0 0.0 0.0
0.0 -1.0 0.0 0.0 0.0
0.0 1.0 0.0 0.0 0.0
-1.2251290068412433 -0.04911348322343701 -0.0075737832952517585 0.0 0.0
-3.831836209014398 -0.000221815196621844 -0.1872582512775406 0.0 0.0
-8.541375752634425 -0.4184873612645058 -0.04704766636575644 0.0 0.0
-8.46540454996024 0.42093721570970427 -0.08233048956181899 0.0 0.0
-0.6921193506197252 0.0 1.2803131341532732 0.0 0.0
-1.101800231649189 -0.08476108008211436 0.0 0.0 0.0
-0.5359771430916654 -0.8651062649847804 1.425686859568376 0.0 0.0
0.8130245818594881 -0.6206957847587937 0.0 0.0 0.0
-0.21515811846673438 -1.0220556205998903 -0.277735635541977 0.0 0.0
0.0 0.0 0.5061290311053606 0.0 0.0
0.0 0.0 1.4109073254112938 0.0 0.0
0.0 0.0 1.0 0.0 0.0
0.0 0.0 1.0 0.0 0.0
-2.538065815603918 0.004761189240810669 0.012202496408267809 0.003719702223656164 0.0
-1.6434276404542345 0.3682789231205948 0.1769928213298437 0.1639949935061325 0.0
-8.65885181056732 0.14000003736393365 0.32872759110438066 -0.004626121984278463 0.0
10.102191430822451 0.1405489227768913 0.3150314601426303 0.0421030510245474 0.0
-1.5079858578481917 -1.0593853981682144 1.4951220851202827 0.0 0.0
1.4096461741810626 1.389534389745838 1.5756383642896952 0.0 0.0
1.1487335647852994 2.161868660393914 -1.240485372931595 -2.070732652289751 0.0
0.0 0.0 0.0 1.8315763720398741 0.0
0.0 0.0 0.0 0.62233546101452 0.0
0.0 0.0 0.0 1.0 0.0
0.0 0.0 0.0 1.0 0.0
-0.6737458010000381 0.004657844283167144 0.038367040587268926 0.03831929775605211 0.005676138807956076
11.21103553172642 0.09483713426663576 -0.42037597695114937 -0.12763979735507056 0.06987210716724906
10.17314014449228 -0.1940199267389214 0.15920601314739014 0.429073774180018 0.037120219053038916
2.9776936284973203 0.20795528733504262 -0.45186032155105066 -0.550867102550378 0.13985464182464147
-3.4587577388707 -1.5467220305679539 0.3624086323381148 2.1932164766889817 0.0
-7.940933762994487 -3.9341066561935456 -0.49502500711539565 2.4306377126504124 -1.4552943238986016
0.0 0.0 0.0 0.0 -1.4350511814013518
