0.5302717663892054 0.0 0.0 0.0 0.0
1.0 0.0 0.0 0.0 0.0
1.0 0.0 0.0 0.0 0.0
0.09590531907983393 -0.003539788055481151 0.0 0.0 0.0
2.1242989896370736 -0.04237816267823861 0.0 0.0 0.0
9.678511434873935 0.0006767252853795716 0.0 0.0 0.0
0.0011228777002239565 0.0 0.0 0.0 0.0
1.9069185065375658 1.1711186853391935 0.0 0.0 0.0
-0.29011720742153696 0.0 0.0 0.0 0.0
-0.47961061551503525 -0.004603573369929059 0.0 0.0 0.0
0.0 1.9663073343427704 0.0 0.0 0.0
0.0 1.4833184158602792 0.0 0.0 0.0
0.0 1.0 0.0 0.0 0.0
0.0 1.0 0.0 0.0 0.0
1.2719510130643572 0.04070090064954646 -0.011173375182021382 0.0 0.0
-8.173421426674597 0.04040554901140571 -0.36442981362769444 0.0 0.0
10.029624832717605 0.6059686141012257 -0.06995887309946978 0.0 0.0
4.418324991748004 -0.08537374382138004 -0.2673208775791517 0.0 0.0
0.19101220318806392 0.0 -0.7831117242355686 0.0 0.0
1.2001167263385364 -0.29191164636134803 0.0 0.0 0.0
-0.5213255819164829 -0.8241676520930841 2.1199658514990847 0.0 0.0
0.045910563452233155 1.7454811339781011 0.0 0.0 0.0
-0.3791640784224395 -0.06626671775722572 1.485455991127549 0.0 0.0
0.0 0.0 -0.7785081508656395 0.0 0.0
0.0 0.0 -0.37095271858113144 0.0 0.0
0.0 0.0 -1.0 0.0 0.0
0.0 0.0 1.0 0.0 0.0
2.1152810763900582 0.08943593694719412 -0.0809914511105916 0.018013998805800985 0.0
5.909754976015879 0.42726590908418105 -0.4019436654184059 0.6423145062584463 0.0
4.5273920047415634 0.5401813023991178 -0.5887630855276849 0.03667451292161356 0.0
-12.451294849240774 -0.2717757967185489 -0.33851322765232306 -0.21300198847928806 0.0
0.07279584440538589 2.4726535388692055 0.3080851392296986 0.0 0.0
1.6121931957380664 -1.3183290496914688 2.555443925201707 0.0 0.0
0.7339759290331427 2.9204131432489024 -0.9917974191054412 2.191952262946893 0.0
0.0 0.0 0.0 1.4368396018272218 0.0
0.0 0.0 0.0 -0.679467131993746 0.0
0.0 0.0 0.0 -1.0 0.0
0.0 0.0 0.0 1.0 0.0
0.6789399499617588 0.030801714136210846 -0.1824393851037916 0.04451202318326753 -0.004049696761821633
9.64717398412268 0.2818100162575648 -0.9353293823416358 -0.14446954078925253 -0.03961700330376067
-11.498987827781999 -0.6864752314713379 -0.6481775433866556 0.5652981119913787 -0.0840219728071834
13.633066713231422 0.5910174606264675 -0.7954421359823804 0.8006455815147454 0.8076237053811433
-4.359257622721004 1.4867812436377008 1.7487359904988424 -2.9205990914580644 0.0
-1.4592117762649826 -1.2651883703767597 2.908293335595847 -0.5824637952670422 -2.082994282570707
0.0 0.0 0.0 0.0 -1.5769755000716614
