-0.2319327645029059 0.0 0.0 0.0 0.0
-1.0 0.0 0.0 0.0 0.0
1.0 0.0 0.0 0.0 0.0
0.10233134888997349 0.005741381768504641 0.0 0.0 0.0
2.5015855976043864 0.22473438004355595 0.0 0.0 0.0
-9.573926759533844 0.03730536191743076 0.0 0.0 0.0
0.058475037587066715 0.0 0.0 0.0 0.0
-1.4965889528374121 -0.838286744088216 0.0 0.0 0.0
0.4401056809722749 0.0 0.0 0.0 0.0
-0.3543768501278706 -0.25377797222742016 0.0 0.0 0.0
0.0 1.5379731615543664 0.0 0.0 0.0
0.0 0.7607803299259288 0.0 0.0 0.0
0.0 1.0 0.0 0.0 0.0
0.0 1.0 0.0 0.0 0.0
-1.5852300294992807 0.04693772065712796 0.009847617667873149 0.0 0.0
-9.01775086661014 0.06743950532203354 0.3097890791347768 0.0 0.0
-9.336233775319831 0.5032416233802449 0.05878420182360326 0.0 0.0
-4.809241397376438 -0.25597726357160133 -0.045198683511839116 0.0 0.0
-0.07943435266841535 0.0 0.3447400767442486 0.0 0.0
0.2956633420108657 -0.23221759697482863 0.0 0.0 0.0
0.06459405896454555 -0.4173379383584973 -1.7813394492000991 0.0 0.0
-2.2663325443770588 -0.328070962072562 0.0 0.0 0.0
1.3175276670551268 0.26633331824120204 0.6209936515689616 0.0 0.0
0.0 0.0 0.5985180489716688 0.0 0.0
0.0 0.0 1.4785928398075168 0.0 0.0
0.0 0.0 1.0 0.0 0.0
0.0 0.0 1.0 0.0 0.0
-2.1396787985259955 0.03213172597870992 0.011571041609736979 0.0012817757433633145 0.0
4.398136800789473 -0.40234993488018667 0.014696465897956623 0.05454715308908907 0.0
-4.627264080465283 0.27138411058242123 0.07240899299207945 0.022190712369088685 0.0
12.208080933298426 -0.1371439466539474 -0.2494141305543095 -0.170785393014623 0.0
1.1163134255470482 1.9613468360467747 -0.3977582416025171 0.0 0.0
-2.659418703838912 -1.1992499329559223 -2.2159679670943366 0.0 0.0
3.2722868604626187 0.11017590933499244 0.014632212074311274 2.036524076770392 0.0
0.0 0.0 0.0 -0.14507050319739934 0.0
0.0 0.0 0.0 0.9456386509153623 0.0
0.0 0.0 0.0 1.0 0.0
0.0 0.0 0.0 1.0 0.0
-0.006156224884469097 -0.003353837250775728 -0.00582514016813457 -0.003404025400910944 -0.001907737678577032
10.1009381283942 -0.27466300580317976 0.09301260943823438 0.31238597885868313 0.03438400034135523
12.439501470687542 -0.19906787301811574 0.00543603721598274 0.055973792655308025 0.009082723395854427
-11.428523865756112 0.09364738053230505 -0.22452633990597792 0.11718020990782792 0.08856535736052447
-0.02564573195071773 0.16402613181865391 -0.21922582516459835 -0.959055944906587 0.0
0.7472887817463584 2.1075414623774886 2.634988686660277 -1.0117455582011705 0.7571305304210764
0.0 0.0 0.0 0.0 -1.9473693037097322
