0.31316346151539376 0.0 0.0 0.0 0.0
1.0 0.0 0.0 0.0 0.0
1.0 0.0 0.0 0.0 0.0
-0.1510702477965592 -0.004127082007531087 0.0 0.0 0.0
-3.9336169081153822 -0.12853471641970385 0.0 0.0 0.0
-8.960135507099197 0.0689149677401101 0.0 0.0 0.0
-0.18785913698250803 0.0 0.0 0.0 0.0
0.09638521053145632 0.8271528289449487 0.0 0.0 0.0
0.7609772096125151 0.0 0.0 0.0 0.0
-0.04215557360344668 -0.46880930435449053 0.0 0.0 0.0
0.0 -0.10520076613327856 0.0 0.0 0.0
0.0 -1.3954046904717954 0.0 0.0 0.0
0.0 -1.0 0.0 0.0 0.0
0.0 1.0 0.0 0.0 0.0
-1.7003868596266074 0.001248028104379427 0.0015682108086682786 0.0 0.0
-6.5474559441975195 -0.07721838605036224 0.021385489876545215 0.0 0.0
-9.199018936867935 0.007855866252741314 0.004695336242670316 0.0 0.0
6.996114718516961 0.09689555239451393 0.0069023782395547795 0.0 0.0
-0.3173672503750035 0.0 -0.7920015084869488 0.0 0.0
0.0735579230429975 -0.06069784127667588 0.0 0.0 0.0
0.48723051024116504 0.9130326134601485 -0.14228291644455568 0.0 0.0
-1.8687493859474948 -0.08649601760468961 0.0 0.0 0.0
1.0986644690337979 0.1111045301615797 -0.36361839431226955 0.0 0.0
0.0 0.0 -0.3231922041324582 0.0 0.0
0.0 0.0 -1.6188326858203492 0.0 0.0
0.0 0.0 -1.0 0.0 0.0
0.0 0.0 1.0 0.0 0.0
-0.2701177795060101 0.010967841687816556 -0.01128130686996277 -0.006424552528871425 0.0
12.959328462768632 -0.11130217649355731 0.11712547682042528 -0.154425962371394 0.0
6.714825147979111 0.0638499879101836 -0.18595428592193153 -0.04520528221225404 0.0
-2.5207957582968135 -0.039944054517465355 -0.02104053310133771 -0.09915897119922856 0.0
0.8481505637100177 -0.37526401739503373 0.5646900073693034 0.0 0.0
2.3461430606692804 1.7591940192950382 0.4908486595160071 0.0 0.0
1.8945507118992577 1.7612944750420203 0.2735166262496681 0.06660160530497776 0.0
0.0 0.0 0.0 1.5835410486882258 0.0
0.0 0.0 0.0 1.0467506552454098 0.0
0.0 0.0 0.0 1.0 0.0
0.0 0.0 0.0 1.0 0.0
-1.297473391815748 0.03226820316708195 -0.03785452670126669 0.009959613719197838 0.00865345270779668
-18.672546759116955 0.43906428889568744 0.16546921118576027 0.12922488034822227 0.2807428460050289
-3.0460698588227473 0.2176830891641801 -0.42685037874266063 0.2701045997093907 0.05043845033702586
-14.15698012383924 0.3655463666960328 -0.005488261935699596 0.011187922599902509 0.2886825647773538
-2.9244649854138323 0.7300737082220398 -1.8196083768174607 0.7257008946177821 0.0
-1.896180302457477 -0.9846015059318582 -0.18952229200894274 0.6654368535284296 -1.083174889606589
0.0 0.0 0.0 0.0 0.3395179461073097
