0.2494845907621519 0.0 0.0 0.0 0.0
1.0 0.0 0.0 0.0 0.0
1.0 0.0 0.0 0.0 0.0
0.21717434405207248 0.0033282859747593226 0.0 0.0 0.0
5.765295181135792 0.06411379585863522 0.0 0.0 0.0
-8.109356208743973 0.11256281168535359 0.0 0.0 0.0
0.4536946803280078 0.0 0.0 0.0 0.0
0.8969528626115938 -0.9360578615097263 0.0 0.0 0.0
1.1714653404781166 0.0 0.0 0.0 0.0
0.6597067940881965 -0.7657334128255346 0.0 0.0 0.0
0.0 -1.1134349967165837 0.0 0.0 0.0
0.0 -0.5868491335588999 0.0 0.0 0.0
0.0 -1.0 0.0 0.0 0.0
0.0 1.0 0.0 0.0 0.0
-1.0578611163191098 0.0003003846189269452 0.0017930872630381193 0.0 0.0
-3.0070386631932084 0.10317907086249016 0.09406262544356325 0.0 0.0
-7.85716315416483 -0.17966845412310514 -0.007101664698032681 0.0 0.0
-9.361917752093877 0.057334114936449576 -0.09920945029592099 0.0 0.0
-0.7132701823578762 0.0 1.203837811386106 0.0 0.0
0.7338048641791122 -0.9923533810901081 0.0 0.0 0.0
-0.9242008012809441 -1.064200703824753 0.21520196054644308 0.0 0.0
-0.5672548151590037 -1.3332309501079678 0.0 0.0 0.0
0.1932710439866585 -0.5848920843878972 1.5020048951305833 0.0 0.0
0.0 0.0 1.9695712242116405 0.0 0.0
0.0 0.0 -0.49094813039037355 0.0 0.0
0.0 0.0 -1.0 0.0 0.0
0.0 0.0 1.0 0.0 0.0
-2.535383779794513 0.00856468679850702 0.0162249954327406 0.0013479533845724384 0.0
-2.6403210637875674 0.043894922421427555 0.1041516335745808 0.05581555525847814 0.0
-9.542035129959965 0.01886790307287864 0.2625812007315992 0.028565267264345932 0.0
9.136443299094038 -0.10427402263385958 -0.04812610183436415 0.0769513376566497 0.0
-0.608695488437347 -0.4804218118557925 0.39948375665809865 0.0 0.0
-1.4552010050709332 -0.4041859035297706 0.9498841833137998 0.0 0.0
-0.9907832956772102 0.4889869713550481 -0.4416236207313458 -0.705973700014372 0.0
0.0 0.0 0.0 -1.0484145012303578 0.0
0.0 0.0 0.0 0.3505488048717962 0.0
0.0 0.0 0.0 1.0 0.0
0.0 0.0 0.0 1.0 0.0
-0.8266241359611204 -0.008397073464878738 0.0189941216734778 0.021325684021730414 0.003651501838148356
11.224646338505984 0.00621823797188324 -0.19385882020383616 -0.03426004108184445 0.09560739826594393
9.055410235967935 -0.1176759179467001 0.16414988169864603 0.2050150099726966 0.01998459115566617
3.5541904916052403 0.03091930958582917 -0.2049134579413584 -0.14964908718129574 0.0546605651776627
0.6434866102570914 -0.363176039055078 -0.422054583315827 -0.04192155047893114 0.0
1.0698861766720533 -0.15800574166811643 0.04222730607309644 0.5513983235843539 0.36273043399666105
0.0 0.0 0.0 0.0 -1.493158249623805
