0.33429025352447983 0.0 0.0 0.0 0.0
1.0 0.0 0.0 0.0 0.0
1.0 0.0 0.0 0.0 0.0
-0.0012731013623811793 -0.005064217559404621 0.0 0.0 0.0
-0.977323757179994 -0.10806801340300672 0.0 0.0 0.0
9.853207142448992 -0.032039349534637704 0.0 0.0 0.0
0.017004647658907232 0.0 0.0 0.0 0.0
1.3713563679656307 1.3527500879220817 0.0 0.0 0.0
0.32283083046142474 0.0 0.0 0.0 0.0
0.10731919879590385 0.21795475873903203 0.0 0.0 0.0
0.0 1.3755492351748377 0.0 0.0 0.0
0.0 0.14626581207754752 0.0 0.0 0.0
0.0 1.0 0.0 0.0 0.0
0.0 1.0 0.0 0.0 0.0
1.17145958008863 0.008995359117953215 -0.0019820335960067438 0.0 0.0
-9.184362038614392 -0.3243348491082859 0.010877458542084072 0.0 0.0
10.252442844539713 0.30122660567352677 -0.03798073691180352 0.0 0.0
-2.1260010224270562 -0.16765868115159707 -0.2536272072241972 0.0 0.0
0.16771538762501798 0.0 2.149669171621232 0.0 0.0
1.436780401723875 0.23125100401290227 0.0 0.0 0.0
-0.08301356577375263 2.1559248464617515 1.1509314215698048 0.0 0.0
1.0140146607705776 1.612203581416435 0.0 0.0 0.0
2.324911713268093 0.004048836151782273 1.496000046697765 0.0 0.0
0.0 0.0 1.9317144128822 0.0 0.0
0.0 0.0 -0.517172106842855 0.0 0.0
0.0 0.0 -1.0 0.0 0.0
0.0 0.0 1.0 0.0 0.0
1.2446776820264076 0.022988647830220327 -0.008162890557373664 0.0006498929387517569 0.0
11.734218398812942 0.4703555030910516 -0.4612983002079932 0.12028152473385058 0.0
-2.1809672553077384 0.18023549801041713 0.2783609756722441 -0.06686453729058127 0.0
-7.368319542747567 -0.853076331302715 -0.07982765421280903 0.07186021725782045 0.0
-0.03837679847959885 1.1371376276979468 0.11663427190939826 0.0 0.0
-0.30865366253756277 1.923697543389761 1.1345297031266635 0.0 0.0
1.0784979570973678 3.1300848141230033 0.3410600193462011 1.1483470673137113 0.0
0.0 0.0 0.0 1.5521150841243738 0.0
0.0 0.0 0.0 -0.033863412182553176 0.0
0.0 0.0 0.0 -1.0 0.0
0.0 0.0 0.0 1.0 0.0
0.05017961033100171 -0.09408352627263301 0.032197187020356524 0.06374147197292056 -0.01563128702321324
-5.420758732422646 0.08655349942259745 0.317255509413272 -0.4032921492376981 -0.4119720148539615
-6.543758794056561 -0.8393673341324875 0.49756007859086715 0.9054265483953218 -0.10028518191451231
21.03031421688025 0.18519804717926874 -0.9402501610447124 0.06525431644324767 -0.2738076999981143
3.1743498528447223 -0.29452954080377264 2.973977787293318 2.7322043414153523 0.0
-0.21427002710387555 2.5909143686470104 1.950224303377968 -0.266219245916727 2.37409491905803
0.0 0.0 0.0 0.0 -1.317666912931632
