1.849995186655533 0.0 0.0 0.0 0.0
1.0 0.0 0.0 0.0 0.0
1.0 0.0 0.0 0.0 0.0
0.2763003186325248 -0.007299931511304708 0.0 0.0 0.0
7.684620842449105 -0.17933721155223098 0.0 0.0 0.0
-6.4470898004502954 0.4589056063022178 0.0 0.0 0.0
2.3132197797088225 0.0 0.0 0.0 0.0
-0.852072644196816 1.7896794560679843 0.0 0.0 0.0
0.7702220593347375 0.0 0.0 0.0 0.0
-0.9402195703704531 -3.1218068455933183 0.0 0.0 0.0
0.0 1.2688737649964055 0.0 0.0 0.0
0.0 -0.18885695957139292 0.0 0.0 0.0
0.0 -1.0 0.0 0.0 0.0
0.0 1.0 0.0 0.0 0.0
-0.6573457833375296 0.08606727271821957 -0.002631292608561877 0.0 0.0
1.2085768177677547 0.0025577313044654604 -0.15108493924528865 0.0 0.0
-6.869661045166586 0.7716812987265407 0.04382920921091228 0.0 0.0
-10.718084928653852 -0.02818333126696057 1.0692168014686207 0.0 0.0
1.6020777888218272 0.0 -2.162084836118141 0.0 0.0
-1.7516049772111952 1.4650305029902746 0.0 0.0 0.0
2.098212776044061 1.82646043892789 -1.328157854876129 0.0 0.0
1.4345517125237068 5.730045103883242 0.0 0.0 0.0
1.6656327155204087 1.2626154442424102 -3.6103876297172826 0.0 0.0
0.0 0.0 0.9597220094751786 0.0 0.0
0.0 0.0 1.6440749233354879 0.0 0.0
0.0 0.0 1.0 0.0 0.0
0.0 0.0 1.0 0.0 0.0
-2.285073203526563 0.051676990198411245 0.08732628581794633 0.014695620677004338 0.0
-2.996382834889369 -0.8241371570274323 -0.6607427424959997 0.3612974696272977 0.0
-9.984870222622703 -0.17655359320089398 0.27336198907150455 0.0047428387043314466 0.0
5.3426648349937675 0.6978687895360893 0.41377219943791316 0.4655036193319334 0.0
1.24467849273432 -0.12759765782417948 -1.200835938168779 0.0 0.0
-1.092884239396954 0.885146199791214 0.8020242547260459 0.0 0.0
0.2917579277917778 -6.572575518266914 -0.9632602941038687 1.0664587062485382 0.0
0.0 0.0 0.0 1.064194627602006 0.0
0.0 0.0 0.0 1.3199123833832744 0.0
0.0 0.0 0.0 1.0 0.0
0.0 0.0 0.0 1.0 0.0
-1.2295731273407533 0.10742487591147112 0.11640776429657271 0.034839813183224135 -0.016983507853982567
8.52919241020389 -0.977507434923932 -0.3844435118131679 0.2996220032988728 -0.5122523339390528
5.230911623512762 0.2594670112170161 0.12478519149777972 -0.38447989908720814 -0.12505386576994704
6.509216369789073 0.30281198520446384 0.7257402199191696 0.45075614282148085 0.44707143649001924
-5.320390632278707 1.6943521179328869 6.340784386586106 -0.5114695311678306 0.0
3.172411533860157 3.7336214561638315 -1.265583367882024 -2.882856309716061 -1.9245091920532265
0.0 0.0 0.0 0.0 1.9466820051989395
