1.6511375318196801 0.0 0.0 0.0 0.0
1.0 0.0 0.0 0.0 0.0
1.0 0.0 0.0 0.0 0.0
0.2919383994696517 -0.01051453151084485 0.0 0.0 0.0
8.803747865667695 -0.2940679892904002 0.0 0.0 0.0
-4.48892764476729 0.20774738123576825 0.0 0.0 0.0
1.2404488946067016 0.0 0.0 0.0 0.0
-0.3565241504930066 2.3345329571441953 0.0 0.0 0.0
-1.3719213469734675 0.0 0.0 0.0 0.0
-0.6530886074367352 -1.4132474913997841 0.0 0.0 0.0
0.0 0.7440659910575231 0.0 0.0 0.0
0.0 1.9689149033162905 0.0 0.0 0.0
0.0 1.0 0.0 0.0 0.0
0.0 1.0 0.0 0.0 0.0
-0.20876458240081863 0.05781058757599401 -0.031126517638593223 0.0 0.0
5.508288520604695 0.8226795145389667 -0.9755874722182114 0.0 0.0
-4.865241518225103 0.5345904925670341 -0.12936310449904415 0.0 0.0
-8.806264080864958 0.1822039487546381 0.8848599070107699 0.0 0.0
0.8606978738282368 0.0 -0.9805959087307259 0.0 0.0
-2.3004022233934753 4.9960440177841905 0.0 0.0 0.0
1.437679815641915 -3.275385150313757 3.920094075728609 0.0 0.0
3.5687786531391326 -1.9554693906238398 0.0 0.0 0.0
1.26553302155485 2.905244331786175 -4.475990205589297 0.0 0.0
0.0 0.0 0.4326515826690578 0.0 0.0
0.0 0.0 -1.1350081949192887 0.0 0.0
0.0 0.0 -1.0 0.0 0.0
0.0 0.0 1.0 0.0 0.0
-1.5672773699848246 0.05412875337765527 0.0634734723367125 -0.007072999195708307 0.0
-3.324810587070374 1.9094281482556497 -0.47357158290577805 -0.36074322513220747 0.0
-8.189540423917947 -1.088408267106913 0.6546099660519521 0.037302671222181547 0.0
3.152723504708005 -1.8017747066635732 -0.43167263654115867 0.9091334570085439 0.0
2.086949561898641 -4.549404357146067 -1.2333727019058145 0.0 0.0
-1.5990201710334309 3.3099585883820333 6.219810327690304 0.0 0.0
-4.722546636284584 1.4708681502215002 6.014923529019721 -1.3467336949404924 0.0
0.0 0.0 0.0 0.039326079184750284 0.0
0.0 0.0 0.0 -1.331470037831867 0.0
0.0 0.0 0.0 -1.0 0.0
0.0 0.0 0.0 1.0 0.0
-1.0798035819662433 -0.010674459262151728 -0.05769270893258843 -0.009282814659521776 0.048317705468321065
2.860547852902748 2.061313301277779 -1.9576097778818609 -1.4569970100618623 1.3881189517844288
2.01202440406262 0.15616999987385113 -0.4957843919614959 -0.5147093761471307 0.09599057436538408
7.234968782205456 0.16900568780048603 0.7901118154153772 -0.23338773484135686 -0.6190145150594492
3.673538708760444 -3.196867244251674 -2.6584562783700356 2.2203902722832716 0.0
5.843861474388771 -3.591153853699682 -10.378398766127779 0.6494779643723511 6.267700322194811
0.0 0.0 0.0 0.0 -1.3171227779345345
