-1.425397729275197 0.0 0.0 0.0 0.0
-1.0 0.0 0.0 0.0 0.0
1.0 0.0 0.0 0.0 0.0
-0.060038641699702994 0.007197501739468161 0.0 0.0 0.0
-1.0798757117105373 0.25342284349042965 0.0 0.0 0.0
9.631182420921103 -0.28352517130660404 0.0 0.0 0.0
0.1716609687360948 0.0 0.0 0.0 0.0
1.0659568327513553 -1.2434651914558124 0.0 0.0 0.0
1.8104181796014416 0.0 0.0 0.0 0.0
0.0952497445651287 1.9287426619496875 0.0 0.0 0.0
0.0 1.0702039446428064 0.0 0.0 0.0
0.0 0.9709060279461754 0.0 0.0 0.0
0.0 1.0 0.0 0.0 0.0
0.0 1.0 0.0 0.0 0.0
1.0016563839595276 -0.013886595980156947 0.018585882546534815 0.0 0.0
-9.953829248994698 -0.02245626441583694 0.6891106649707571 0.0 0.0
9.282776345964768 -0.09067854007033926 0.02362357521692915 0.0 0.0
-2.3201046628206208 0.142017111019427 0.5527784654440733 0.0 0.0
0.33955983715982385 0.0 3.8152152410469977 0.0 0.0
-1.3964747889811133 1.644515933533609 0.0 0.0 0.0
-0.4764208916058827 3.690706923900615 -0.715865915664522 0.0 0.0
-1.6427991901800456 -4.475615341424514 0.0 0.0 0.0
4.378219241875607 1.563512197278659 -2.701827794049324 0.0 0.0
0.0 0.0 1.88647257909731 0.0 0.0
0.0 0.0 -0.735232985659851 0.0 0.0
0.0 0.0 -1.0 0.0 0.0
0.0 0.0 1.0 0.0 0.0
0.9826603691837916 -0.021283822758608534 0.1825930605843062 -0.06058858974863132 0.0
9.361383241022764 -0.4514096422158872 -0.03525912981894254 -1.9347416844087415 0.0
-2.3702708929918206 -0.09866604474271734 1.7725388818299814 -0.17512380596320457 0.0
-8.139974357251567 -0.17495538074304984 0.6634774595793774 -0.2014242105390988 0.0
0.8361118577547912 1.237202439980298 -1.3492275093968484 0.0 0.0
-0.2946106140329403 6.355592423813993 2.9432723250296657 0.0 0.0
0.2957331301598373 -4.302377700670414 -0.3493088336977687 0.9892002083878487 0.0
0.0 0.0 0.0 -0.2898029101353976 0.0
0.0 0.0 0.0 1.3861907470647634 0.0
0.0 0.0 0.0 1.0 0.0
0.0 0.0 0.0 1.0 0.0
-0.43910039431678527 -0.058795540361693766 0.45467397944438137 -0.1551018206958613 0.04457852829143791
-4.550435262613933 1.006327648915219 2.028297986375086 0.050700297673503696 1.3426971934734873
-9.103288311733785 -0.6204381702925277 2.1739238402816614 -1.0753604806562564 0.15846291648954317
18.622787402979 -2.3483907076953767 0.18593453343738978 -1.999789684370968 -1.8307943761893177
5.359977641778299 2.5791246293348005 -6.482947848749702 4.044993102963163 0.0
-1.7361471803704365 5.242907967903189 1.6803297755333182 -0.8806047639865413 4.815133916746102
0.0 0.0 0.0 0.0 -0.40760276342969215
