0.3648550506184338 0.0 0.0 0.0 0.0
1.0 0.0 0.0 0.0 0.0
1.0 0.0 0.0 0.0 0.0
0.3667188955702521 0.0009630992403979444 0.0 0.0 0.0
9.977017330753284 0.04533690678657454 0.0 0.0 0.0
-1.1990446269067159 0.2552818495172768 0.0 0.0 0.0
1.722484462166543 0.0 0.0 0.0 0.0
-0.06230379574695311 -0.08865812344649124 0.0 0.0 0.0
0.308993045717332 0.0 0.0 0.0 0.0
-0.485475438489051 -1.7366112212059646 0.0 0.0 0.0
0.0 0.48945700969606554 0.0 0.0 0.0
0.0 -1.6240093392053456 0.0 0.0 0.0
0.0 -1.0 0.0 0.0 0.0
0.0 1.0 0.0 0.0 0.0
0.5015936331142168 0.04749111213797831 -0.002646646274465867 0.0 0.0
9.496494833875625 -0.036605609121420135 -0.16773734263783574 0.0 0.0
-1.2806740606834688 0.37688046412322873 0.02442348668986183 0.0 0.0
-3.3498472103881856 -0.470475057218124 0.32266394630563977 0.0 0.0
2.6310261939814694 0.0 -2.652604253978615 0.0 0.0
-0.3409445712587988 0.33710780805760243 0.0 0.0 0.0
2.5741622144270946 0.6758104922633732 -0.7401056572685427 0.0 0.0
2.6114597623054028 1.3645893134273441 0.0 0.0 0.0
0.17604524793319948 2.5876287193757648 -0.4155732475565552 0.0 0.0
0.0 0.0 -0.9159930327726511 0.0 0.0
0.0 0.0 1.2963114135947906 0.0 0.0
0.0 0.0 1.0 0.0 0.0
0.0 0.0 1.0 0.0 0.0
0.05346862381051615 -0.027705828617874337 -0.024570197151557796 0.0012924683594951764 0.0
-0.5244128945086821 -0.2438265380648487 -0.4529296782272796 0.001884317753463316 0.0
-2.487471538766929 -0.4505861240028099 -0.4810071806958914 0.0016768364637269884 0.0
0.03302263928392435 -0.08680736997169333 -0.1276167619623999 -0.04949115618663888 0.0
2.971767750819034 0.13166901763749847 -2.6736948775970415 0.0 0.0
-0.32845024574304915 -0.684902463935449 -0.6430590841066484 0.0 0.0
-1.2805069637200794 -2.8390403520658585 1.046426011613137 2.739977921014227 0.0
0.0 0.0 0.0 -0.7141658466866905 0.0
0.0 0.0 0.0 -0.02071055223832108 0.0
0.0 0.0 0.0 -1.0 0.0
0.0 0.0 0.0 1.0 0.0
0.03574083798959582 -0.020526146836747777 -0.04820703477756784 -0.025956142807937482 0.006197663378821161
-0.36156065345691957 -0.0520556542155185 -0.25781682544467976 0.10201137900588407 0.29310024178569605
-0.16675551448993176 0.22542708553931273 -0.06488777681691621 -0.34623238795839817 -0.022204207874647122
2.054340027296194 -0.047360272579847734 0.7834628226056694 0.5595502664135855 -0.23800064376583002
1.9551036016435368 0.687490941959545 -0.6695240870256975 -1.3704280551483912 0.0
0.7944427017586602 3.351102188697137 -0.7636584566690225 -3.0791653678854907 1.067516635231563
0.0 0.0 0.0 0.0 -0.894857768735478
