1.5565550938849664 0.0 0.0 0.0 0.0
1.0 0.0 0.0 0.0 0.0
1.0 0.0 0.0 0.0 0.0
0.21377527230067242 -0.01448223398539665 0.0 0.0 0.0
5.2920212312451556 -0.4778930079651668 0.0 0.0 0.0
8.394428725352453 -0.1705021534376548 0.0 0.0 0.0
-0.6134387756066775 0.0 0.0 0.0 0.0
-1.003966398895665 2.7198513106458035 0.0 0.0 0.0
-0.4540964065574806 0.0 0.0 0.0 0.0
0.6256421484420714 1.1598785948139783 0.0 0.0 0.0
0.0 -1.1829525045489953 0.0 0.0 0.0
0.0 0.10385816285043159 0.0 0.0 0.0
0.0 1.0 0.0 0.0 0.0
0.0 1.0 0.0 0.0 0.0
1.377064440285345 -0.07262322905162286 0.011005654345190066 0.0 0.0
-3.565325448912903 -0.25382030648263654 0.3474259812813618 0.0 0.0
9.045919459539952 -0.5372122759680458 0.040429509602972286 0.0 0.0
9.209370743820909 -0.7890563584491473 -0.9410048299130236 0.0 0.0
-0.22311289572578824 0.0 0.4218577016481775 0.0 0.0
2.901458742784106 -0.7909203616485803 0.0 0.0 0.0
0.8229374713060132 0.5733965513026198 -1.2251366546355245 0.0 0.0
0.8563036406230506 6.094596371814057 0.0 0.0 0.0
-1.9186602222861637 0.12248734554300028 4.158694237002122 0.0 0.0
0.0 0.0 -0.738020893165801 0.0 0.0
0.0 0.0 1.0848457950049988 0.0 0.0
0.0 0.0 1.0 0.0 0.0
0.0 0.0 1.0 0.0 0.0
2.686716304387259 -0.21719169234208044 -0.11349096369600478 0.03945197941398357 0.0
-0.7582521058236793 -0.6274059070087904 0.17066748418328376 1.2912440201144573 0.0
9.023761503477157 -0.9870269502679281 -0.9072496034525837 0.036761207316289665 0.0
-9.561397869151783 -0.24019767118611493 0.14634769195406178 0.42743347529333314 0.0
-0.7148648865974181 0.545618677867658 0.8419266271296749 0.0 0.0
-1.6055462206574167 -0.39468083609353144 1.6392662329452343 0.0 0.0
1.3388281568785771 3.395643285071332 -1.0953330110101178 -0.2695447973574225 0.0
0.0 0.0 0.0 -1.2578005273661743 0.0
0.0 0.0 0.0 -0.733997206944041 0.0
0.0 0.0 0.0 -1.0 0.0
0.0 0.0 0.0 1.0 0.0
1.7183226981898176 -0.3253235853270857 -0.11082441626806658 0.17148731435951833 -0.03577690747687721
11.958256578318334 -0.835764361047513 -0.26514141939660885 0.23989028663645967 -1.0534439335388064
-9.052895772963442 -0.8774040897329254 0.03921505215173393 1.2129304307395565 -0.04300829017904156
0.4304061741338643 0.803972270466774 -0.5083299524551221 1.004480913226596 0.3403051225282945
-1.3146220951786844 0.08547033421429884 0.8732423441377837 -0.8558231031443926 0.0
-2.2638878887650273 -2.4132811474555753 4.079674171225042 1.516536442939145 -1.515401936491615
0.0 0.0 0.0 0.0 0.9910850281029564
