1.4598582331517118 0.0 0.0 0.0 0.0
1.0 0.0 0.0 0.0 0.0
1.0 0.0 0.0 0.0 0.0
0.3058179548580846 -0.01093642570296718 0.0 0.0 0.0
9.72822243858789 -0.34760629028434203 0.0 0.0 0.0
-0.11827826213418058 -0.09715474952864936 0.0 0.0 0.0
-0.6607948859095121 0.0 0.0 0.0 0.0
0.009423052472138474 2.144267950226979 0.0 0.0 0.0
-2.1565596530941216 0.0 0.0 0.0 0.0
0.49080199885093934 0.6609166634601997 0.0 0.0 0.0
0.0 -0.4908924484996384 0.0 0.0 0.0
0.0 -0.9803809414658264 0.0 0.0 0.0
0.0 -1.0 0.0 0.0 0.0
0.0 1.0 0.0 0.0 0.0
0.6210488526107738 -0.04157145263601209 -0.01011070524666144 0.0 0.0
10.033238742646255 -0.18940790232506466 -0.23393395271807088 0.0 0.0
-0.07781530927654398 -0.19933530742674113 -0.023811385515870795 0.0 0.0
0.19194024254830983 0.28499213985520716 -0.2967301594035613 0.0 0.0
-2.195081977241272 0.0 2.195486507773283 0.0 0.0
-0.018295930397318538 -0.4636151919397221 0.0 0.0 0.0
-1.5928558224561162 -1.2770249079030873 0.7215571368445772 0.0 0.0
0.953387011804264 0.7019351339514863 0.0 0.0 0.0
-0.4194010081904032 -2.1713731346416436 0.4362122559674022 0.0 0.0
0.0 0.0 1.5345698443130829 0.0 0.0
0.0 0.0 0.6135423982924153 0.0 0.0
0.0 0.0 1.0 0.0 0.0
0.0 0.0 1.0 0.0 0.0
0.5874151294007621 -0.04740947317677534 -0.031539460037982026 0.011365530844064286 0.0
-0.4968687028940231 -1.4590822762297235 -0.6934430229997486 0.3707522395743108 0.0
-0.494040515619848 0.12405116165841673 0.21408021829477342 0.018343330492256116 0.0
-0.13768770054266466 -0.42717151044659585 -0.11741854397729695 0.11035900269042717 0.0
-2.2205244412641774 -0.04822025987062319 2.1745358553518437 0.0 0.0
-0.2461937889586281 1.2758258955863289 1.8326745386090977 0.0 0.0
0.708963081872517 2.017577979460165 -0.8767423233299192 -2.19865039120156 0.0
0.0 0.0 0.0 0.3620366530206325 0.0
0.0 0.0 0.0 1.8255372637486404 0.0
0.0 0.0 0.0 1.0 0.0
0.0 0.0 0.0 1.0 0.0
0.5387712443598541 -0.1841441652060643 -0.06444074799478547 0.05275841794615003 -0.009253910658530765
-0.9141841117757252 -1.7098864770507283 -0.40310227842641866 0.27085352395148776 -0.3605304297329779
-0.20840516834330824 -0.678885727709236 -0.0326208963329464 0.3073976126015767 -0.1163292184578948
0.20333185095393624 -0.5108223093636943 -0.5019040391441663 0.23100672946570677 0.4442679796550827
6.839065234161968 3.5273868723508244 -4.072840756661314 -7.602190672494483 0.0
-0.7384179432536093 -2.2706113409339737 0.8913610376859387 2.4060869774048723 -0.8557916709084818
0.0 0.0 0.0 0.0 -0.09640003837272815
