-1.0370744365663809 0.0 0.0 0.0 0.0
-1.0 0.0 0.0 0.0 0.0
1.0 0.0 0.0 0.0 0.0
0.3403530958556291 -0.002329112273761755 0.0 0.0 0.0
9.72564940811827 -0.019821254367699076 0.0 0.0 0.0
-2.1059863880283554 0.16760960191457724 0.0 0.0 0.0
1.1067023799598763 0.0 0.0 0.0 0.0
-0.3700976329673785 0.8254222126137788 0.0 0.0 0.0
-0.5268194067542192 0.0 0.0 0.0 0.0
-1.4929285953215365 -1.1402013735685528 0.0 0.0 0.0
0.0 1.5381183467655513 0.0 0.0 0.0
0.0 1.643710527958493 0.0 0.0 0.0
0.0 1.0 0.0 0.0 0.0
0.0 1.0 0.0 0.0 0.0
0.3237861412124934 0.06008716944018433 -0.001390548605013545 0.0 0.0
9.02361406485663 0.17304623927358345 -0.08222725531938016 0.0 0.0
-2.1553567436514536 0.647753466254172 0.04243018301720136 0.0 0.0
-5.343398994476726 -0.3650414277068065 0.3732728506950807 0.0 0.0
1.1791392725797476 0.0 -1.214830872842973 0.0 0.0
-0.743473077022978 1.0744306875866054 0.0 0.0 0.0
-0.2733696631528144 -0.8465778906218983 -1.2857631217333734 0.0 0.0
2.864007872381084 3.2448897580731324 0.0 0.0 0.0
1.8646761605395161 1.4614698479325128 -1.5325574361953407 0.0 0.0
0.0 0.0 -0.07462949927442031 0.0 0.0
0.0 0.0 0.12480838765045599 0.0 0.0
0.0 0.0 1.0 0.0 0.0
0.0 0.0 1.0 0.0 0.0
-0.4978953309801023 -0.032937309334980444 0.0020482783871420586 0.01562995877509853 0.0
-2.2388968139677274 -1.500085554748599 -0.833463776123519 0.4336920168076991 0.0
-5.010501767050848 -0.40740386086269587 -0.11091209937526592 0.06785828489060189 0.0
0.6715409451396663 -0.17045874646056405 -0.27344672730608977 0.1263251110885527 0.0
1.0751871730785938 -0.4026409307142285 -2.1334278083734493 0.0 0.0
-0.7044853703859546 0.20056416679746292 2.495904874210086 0.0 0.0
-4.336564007859415 -3.915732556917819 0.29280826107081737 1.92515750711146 0.0
0.0 0.0 0.0 0.32216053955211166 0.0
0.0 0.0 0.0 -1.879181331437466 0.0
0.0 0.0 0.0 -1.0 0.0
0.0 0.0 0.0 1.0 0.0
-0.43188170523732605 -0.08310601045716288 -0.04800488753420953 0.024187508058057677 0.008399050347342289
-0.3999425640284713 -1.4847523309291453 -0.9643698808542994 0.47947273663127743 0.3767202553278548
0.38756574254044196 0.16016587853530442 0.06830899346607353 -0.21762751077291043 -0.06462715152144563
4.181114829884347 -0.0842146717302739 0.7641440948191434 0.789815064528601 -0.018804150383795737
6.213541573077369 2.2517139614275834 -3.1944035441993064 -5.637525273893 0.0
4.044493508454529 5.493081626075766 -0.3352246183263987 -3.7258048332636227 1.2114051966012955
0.0 0.0 0.0 0.0 0.5344571391963271
