-1.7425407320236954 0.0 0.0 0.0 0.0
-1.0 0.0 0.0 0.0 0.0
1.0 0.0 0.0 0.0 0.0
0.050239577680352435 -0.012679612667163144 0.0 0.0 0.0
2.8718369630193914 -0.3723196094715684 0.0 0.0 0.0
-9.323043750943366 0.3504563079243098 0.0 0.0 0.0
0.6594443200587865 0.0 0.0 0.0 0.0
-0.3468590258327244 2.6948419339856793 0.0 0.0 0.0
1.5456293446265008 0.0 0.0 0.0 0.0
-0.09983864833404857 -2.3840565164919036 0.0 0.0 0.0
0.0 0.3609417397625223 0.0 0.0 0.0
0.0 -0.8878888478911637 0.0 0.0 0.0
0.0 -1.0 0.0 0.0 0.0
0.0 1.0 0.0 0.0 0.0
-1.6387569415565586 0.057711369674659736 0.012873912624445719 0.0 0.0
-8.048421591819036 0.3057204481773181 0.313966839177482 0.0 0.0
-10.142382179451463 0.4220026733860918 0.06526134590443788 0.0 0.0
-5.158901921192481 -0.5251359676012173 0.9271663567918276 0.0 0.0
0.6383037444183037 0.0 -2.307628036353367 0.0 0.0
-3.4386871507329415 -0.9049956221942071 0.0 0.0 0.0
1.756578704456759 1.0475910917696853 -1.9776165425587235 0.0 0.0
-1.959773962992139 8.197772109915269 0.0 0.0 0.0
-2.8237804838054656 4.70311708380521 -4.983483510482997 0.0 0.0
0.0 0.0 0.07642848013853598 0.0 0.0
0.0 0.0 1.945405184187698 0.0 0.0
0.0 0.0 1.0 0.0 0.0
0.0 0.0 1.0 0.0 0.0
-2.2383452157936663 0.0017475962408921714 0.07380317482926443 0.023270471084472357 0.0
3.6968293399864685 -0.08649769957058595 -0.9341840709612977 0.5408285289255472 0.0
-4.746757359351584 -0.04252466012839662 0.07091656015739473 0.05622784187443786 0.0
11.59285879010353 0.8057834179077077 0.003492789098330333 -1.1279903336699795 0.0
-0.7247761271068907 3.7184085966224587 -4.893862567220231 0.0 0.0
0.32951206883698925 -7.841886851110361 -7.627924316856921 0.0 0.0
3.764784342499874 -10.650704336242754 -0.7156514202384071 5.969054445761941 0.0
0.0 0.0 0.0 0.003566494937245146 0.0
0.0 0.0 0.0 0.11366062759069129 0.0
0.0 0.0 0.0 1.0 0.0
0.0 0.0 0.0 1.0 0.0
-0.2017437401507145 -0.006298157075514671 0.16003054752886328 -0.2425830051027187 -0.07383525344663246
10.975771872140507 -1.8122709016184249 0.7532242276164217 0.3360285418882067 -2.0123621168112438
11.519068904635208 -0.5187828747103085 1.0507967421270406 -2.4373389223288098 -0.2710372322224622
-8.297466465880362 -2.3797446685520653 1.3842147755760033 0.7552921145282852 -0.6051975241669645
0.6424349452721454 0.23761780030192559 10.998265907870593 -4.048261473350235 0.0
-8.048666062895641 14.640370159053782 5.943611440972633 -8.365524817478757 1.8705831106284792
0.0 0.0 0.0 0.0 -1.9325777759516285
