-0.2328582083028059 0.0 0.0 0.0 0.0
-1.0 0.0 0.0 0.0 0.0
1.0 0.0 0.0 0.0 0.0
0.26863562479633135 0.004224219978951705 0.0 0.0 0.0
7.510902066387903 0.16942293346093948 0.0 0.0 0.0
-6.49752346893479 0.10827972387332524 0.0 0.0 0.0
0.547872486215718 0.0 0.0 0.0 0.0
-0.8388860058587587 -0.589050330590065 0.0 0.0 0.0
0.9304811265691656 0.0 0.0 0.0 0.0
-0.9334836218719121 -0.7365967610430288 0.0 0.0 0.0
0.0 1.2550384070333322 0.0 0.0 0.0
0.0 1.811631337057892 0.0 0.0 0.0
0.0 1.0 0.0 0.0 0.0
0.0 1.0 0.0 0.0 0.0
-0.6540600064408824 0.047140064007016744 0.007370337878338576 0.0 0.0
0.6918409448483391 -0.004145279348736878 0.18459154381424492 0.0 0.0
-6.417429095533566 0.4543462915017034 0.053295345293182056 0.0 0.0
-10.314285480701024 -0.33419570648428343 0.16105290530622157 0.0 0.0
0.8734341826235174 0.0 -1.1743038865642723 0.0 0.0
-1.8848751999882596 -0.014135812315226093 0.0 0.0 0.0
1.0806727698638454 0.6943855769521653 -1.6150104634297593 0.0 0.0
0.049729428786434965 1.4724912866636277 0.0 0.0 0.0
0.320122555599323 0.9547956869388344 -0.2847383603924141 0.0 0.0
0.0 0.0 -0.43770712552124325 0.0 0.0
0.0 0.0 0.3495375383814925 0.0 0.0
0.0 0.0 1.0 0.0 0.0
0.0 0.0 1.0 0.0 0.0
-2.253571285998692 0.015365839345310287 0.009288742023910963 0.005136642339870918 0.0
-4.58352304370152 -0.3249087304908515 0.05684693619047086 0.211088124614846 0.0
-9.383459596923075 0.06201699999723562 -0.162549130217604 0.011100712645264499 0.0
6.654668738978094 0.24819076560643724 0.10404587959134429 -0.12947313971742103 0.0
2.6678209940707713 1.0730867117296414 -1.6007445877315267 0.0 0.0
-2.538650558617378 -1.533963252611894 -1.476944305089455 0.0 0.0
-2.589380613801832 -1.4744576185814444 -1.6689972643268112 2.2239699062873926 0.0
0.0 0.0 0.0 1.9645049099048078 0.0
0.0 0.0 0.0 -1.2443926748743896 0.0
0.0 0.0 0.0 -1.0 0.0
0.0 0.0 0.0 1.0 0.0
-1.067798131279564 0.013576198573738797 0.035540117721820204 0.032498913804100145 0.0004064118563317244
7.456677742968928 -0.22957315106142742 0.008704540916084594 0.35075598792407103 0.06629218431835128
6.095200071447524 -0.18448926009442865 0.23255887306684275 0.392810314260563 0.023921398738685436
7.874721222200911 0.01760116273634918 -0.1450944548177078 0.0226087761626197 0.191830734020198
3.4495254709645504 -0.6877907177270092 0.44166926900265013 1.033388016963912 0.0
5.869710082254455 1.710085651135527 1.7783996927193904 -1.4248198322417203 -1.2425565631595576
0.0 0.0 0.0 0.0 -1.6810988049073763
