-1.6681746070420576 0.0 0.0 0.0 0.0
-1.0 0.0 0.0 0.0 0.0
1.0 0.0 0.0 0.0 0.0
0.09779149591841226 -0.006199065321527199 0.0 0.0 0.0
3.4214370308973043 -0.15646225054823515 0.0 0.0 0.0
-9.24261526067609 0.35750098410478165 0.0 0.0 0.0
0.7835294461208664 0.0 0.0 0.0 0.0
-0.9004415127679193 1.491419578429734 0.0 0.0 0.0
1.8218023959430523 0.0 0.0 0.0 0.0
-0.30644185107006083 -2.4319794837059976 0.0 0.0 0.0
0.0 0.9511579921353888 0.0 0.0 0.0
0.0 -1.9915593021546427 0.0 0.0 0.0
0.0 -1.0 0.0 0.0 0.0
0.0 1.0 0.0 0.0 0.0
-1.5527328000178184 0.07874516632787688 0.011503278816251518 0.0 0.0
-8.008393723443383 0.3749854710052138 0.2643118549113921 0.0 0.0
-9.729673629313787 0.5796917077101358 0.060836630849497336 0.0 0.0
-6.028977127751232 -0.4740850078586148 1.0968679969556312 0.0 0.0
0.8227475333459309 0.0 -2.553707625505579 0.0 0.0
-3.510350368464028 0.492659879912298 0.0 0.0 0.0
2.1806352769375326 1.7409007903772773 -1.8435342681665876 0.0 0.0
-4.971392599338676 10.241148863051574 0.0 0.0 0.0
-2.821944186119374 2.8109740014381956 -5.712213416196792 0.0 0.0
0.0 0.0 -0.12172814179958191 0.0 0.0
0.0 0.0 0.7215391473446222 0.0 0.0
0.0 0.0 1.0 0.0 0.0
0.0 0.0 1.0 0.0 0.0
-2.2872345574094908 0.005995742175922617 0.09310788776756869 0.025381821314121034 0.0
2.633304277768689 -0.3730236716769918 -0.9149838365581282 0.5221455068588369 0.0
-5.143744098118524 -0.36493298145671327 0.08956938904555535 0.08692080711380955 0.0
11.735422224793329 0.571800379879883 -0.23149043400469269 -0.32065849866209434 0.0
2.7043616947841977 0.21100411135795327 -5.273230564561697 0.0 0.0
4.703701933069645 -7.317839265385258 -1.474495774800227 0.0 0.0
5.709935352630507 -13.282331927976358 0.3921478982158487 3.2694721136612825 0.0
0.0 0.0 0.0 -1.7726530555933184 0.0
0.0 0.0 0.0 -0.42528496891232725 0.0
0.0 0.0 0.0 -1.0 0.0
0.0 0.0 0.0 1.0 0.0
-0.2890273450247527 0.04984367618039499 0.12987545317891427 -0.18057630255322193 -0.05815605729539648
11.048714177713801 -1.6679216671323773 0.31182781995365827 0.09759169257375319 -1.6752593439601038
10.634088863082514 0.44357617527135706 0.7397171545933614 -2.48778340980456 -0.2504194308708899
-7.011373263285016 -1.7998238297904212 1.228552853535401 0.35146108663287196 -0.7128141032070205
-2.3921527437964905 1.0234552081722732 8.01642999583394 -4.128264529204134 0.0
-7.530915424279543 10.461563719467659 -0.16941555234508163 -5.210929096148064 3.111670837271966
0.0 0.0 0.0 0.0 -0.08942890701492079
