-0.7790377926684036 0.0 0.0 0.0 0.0
-1.0 0.0 0.0 0.0 0.0
1.0 0.0 0.0 0.0 0.0
-0.06317042865088209 -0.003706253520798327 0.0 0.0 0.0
-2.466987191631609 -0.13209639899028158 0.0 0.0 0.0
9.526522207171855 -0.11703456190021462 0.0 0.0 0.0
0.20532145155523007 0.0 0.0 0.0 0.0
-0.5792852047898718 0.6294219490656279 0.0 0.0 0.0
0.9315453963515359 0.0 0.0 0.0 0.0
-0.15462321702856857 0.7961534823143852 0.0 0.0 0.0
0.0 -0.5995662496611258 0.0 0.0 0.0
0.0 -1.0393610379097886 0.0 0.0 0.0
0.0 -1.0 0.0 0.0 0.0
0.0 1.0 0.0 0.0 0.0
1.0788234907581646 -0.032230362747379275 0.011728934805689118 0.0 0.0
-8.225455616204766 0.0835272232333065 0.366202060324023 0.0 0.0
9.717499629483303 -0.3011669899182088 0.05005966086117471 0.0 0.0
-4.616227724762826 -0.23345360753921235 -0.10374315532028701 0.0 0.0
0.08424303950994046 0.0 0.3266604086351199 0.0 0.0
0.01301359806904602 1.028833705253672 0.0 0.0 0.0
-0.3693002564527861 0.2381803217461561 -1.516959420035598 0.0 0.0
-2.233039846222519 1.0664886671579583 0.0 0.0 0.0
0.19762088974695402 0.37433071676290347 1.0845999786904068 0.0 0.0
0.0 0.0 -0.4694930736792653 0.0 0.0
0.0 0.0 -0.18449590324125653 0.0 0.0
0.0 0.0 -1.0 0.0 0.0
0.0 0.0 1.0 0.0 0.0
0.8247453420007751 -0.09211316736183918 -0.0022335155603852505 0.0003089332616979732 0.0
12.400916752133742 0.3292923282556799 -0.16364208699902413 0.07332419899943901 0.0
-4.521377446273408 -0.6366703611146879 -0.050519420263716044 -0.0006483497691001004 0.0
-2.2984592361351943 0.21880028800342782 0.009995743409882832 0.4505211375404003 0.0
0.5181387922104337 -1.513107905802734 0.34051646760393844 0.0 0.0
0.4958630347885554 -0.32841032460638686 -1.2607719459780837 0.0 0.0
-1.4214538458158166 1.0382074371558505 2.6551432711647736 -1.2540692381518963 0.0
0.0 0.0 0.0 0.8536601730850837 0.0
0.0 0.0 0.0 -1.8681864439240314 0.0
0.0 0.0 0.0 -1.0 0.0
0.0 0.0 0.0 1.0 0.0
0.09979320705689965 -0.07347373513693059 0.008737347646126707 0.11750409938130348 -0.022139615670216634
-11.090042771133092 -2.2103385836884573 0.40010225961292634 0.320037217041652 -0.7634536833643218
-2.456046610209299 0.9147392359885204 -0.04353106349458307 1.1250343595150496 -0.0385873317602078
19.804840924587694 -0.5025142116499707 0.30857918214353913 -0.29525648441301233 -0.920642224033802
-1.7489926568127832 0.9699920337390086 -1.229700897365553 4.7240579733139265 0.0
-4.960671343468162 2.113753645634226 -2.1546891661736205 1.0067751521761519 2.641287212195958
0.0 0.0 0.0 0.0 -1.4164773442913408
