-0.6660792852736437 0.0 0.0 0.0 0.0
-1.0 0.0 0.0 0.0 0.0
1.0 0.0 0.0 0.0 0.0
0.297156495898607 -0.0037683778194044096 0.0 0.0 0.0
9.672052112295278 -0.15724934551457825 0.0 0.0 0.0
-0.5488365630996246 -0.1469401281425349 0.0 0.0 0.0
-0.9987968779469713 0.0 0.0 0.0 0.0
0.05205324643817442 0.48392645574680193 0.0 0.0 0.0
-0.5234207365081442 0.0 0.0 0.0 0.0
1.3036908775059517 0.9995927084526184 0.0 0.0 0.0
0.0 -1.3047296442393694 0.0 0.0 0.0
0.0 -1.6213082025182128 0.0 0.0 0.0
0.0 -1.0 0.0 0.0 0.0
0.0 1.0 0.0 0.0 0.0
0.5479058768697043 -0.06326114927133483 -0.004881908301667661 0.0 0.0
9.957682628520654 -0.33282647116250785 -0.05300929998722881 0.0 0.0
-0.4325475368868831 -0.5534321214303493 -0.05326029330125856 0.0 0.0
-0.1735042820967262 0.6135993715324415 -0.35599763670409057 0.0 0.0
-2.874295102416615 0.0 2.8765853095400455 0.0 0.0
-0.10277206769506579 -1.1796178289747439 0.0 0.0 0.0
-3.6959144792114245 0.6939841782254497 1.6139482818563162 0.0 0.0
2.5706280581288823 -2.73655123214015 0.0 0.0 0.0
-1.139460413748399 -2.906586463382263 1.2236138160389833 0.0 0.0
0.0 0.0 1.876992601087427 0.0 0.0
0.0 0.0 -1.8807080483650225 0.0 0.0
0.0 0.0 -1.0 0.0 0.0
0.0 0.0 1.0 0.0 0.0
0.4166376150449912 0.042453637282321904 0.013030248570703454 -0.01222901891359903 0.0
-1.4895359670899353 0.5002663439014294 0.34598789026078247 -0.31511197223708237 0.0
-1.2078055010355504 0.6955289484452353 0.5326736314770093 -0.07603935973157464 0.0
-0.5645004135463225 0.33456765511919184 0.4290084228223719 0.018981040120731985 0.0
-3.279005525563503 0.05946114716342674 3.0614535028321583 0.0 0.0
6.506906469882892 -0.6718174642173793 -2.9834070361031455 0.0 0.0
1.218630958462593 3.162640858322473 -1.6301046785628346 -3.0316982786468887 0.0
0.0 0.0 0.0 0.457124319659195 0.0
0.0 0.0 0.0 0.2360797015923426 0.0
0.0 0.0 0.0 1.0 0.0
0.0 0.0 0.0 1.0 0.0
0.2755569628651221 0.06949068378347037 0.0990676858299363 0.015329540115212925 -0.018874415545864158
-2.116543722309686 0.45586737804573313 0.939876866147046 -0.2918058632577919 -0.6987128634177152
-0.4484138825645098 -0.1990723642391151 0.38637370819280126 0.49197460722238356 -0.03290117557000452
1.4975980688034363 -0.15141951067489168 -0.9700097496884037 -0.6158964682239507 0.2620874117825981
-3.0503363166819257 0.9939887001116805 1.3118054658676837 0.31528234967325197 0.0
-1.3262694507520274 -3.9427903303239096 1.7191144238092013 3.818717329903169 -1.814972871854948
0.0 0.0 0.0 0.0 -1.9429712719770467
