-1.9765024214486204 0.0 0.0 0.0 0.0
-1.0 0.0 0.0 0.0 0.0
1.0 0.0 0.0 0.0 0.0
-0.02921233083220589 0.009648303792256145 0.0 0.0 0.0
0.43698848704332677 0.3510786813559493 0.0 0.0 0.0
9.550812622724921 -0.5970403408025377 0.0 0.0 0.0
-0.35594823871106773 0.0 0.0 0.0 0.0
1.7721198033713956 -1.58957144913749 0.0 0.0 0.0
4.185180710823807 0.0 0.0 0.0 0.0
-0.15590780854356434 4.061498917024066 0.0 0.0 0.0
0.0 1.7789648232233066 0.0 0.0 0.0
0.0 1.462299997761645 0.0 0.0 0.0
0.0 1.0 0.0 0.0 0.0
0.0 1.0 0.0 0.0 0.0
0.9975349287664304 -0.02905889489232931 0.04137769893138195 0.0 0.0
-10.445950341985178 0.46983105802444025 1.3933107928360309 0.0 0.0
9.059351193791437 -0.2217559383461477 0.0824025121090066 0.0 0.0
1.053837232464512 -0.037246105781314987 0.7113024707298039 0.0 0.0
-0.3703202447117214 0.0 4.225488734809062 0.0 0.0
-1.2008901128907323 4.48883780206739 0.0 0.0 0.0
0.7856245272173078 4.476704714280673 -2.4970458214850453 0.0 0.0
-4.454062321025466 -6.208492020154065 0.0 0.0 0.0
6.817203922366885 2.6699192411191675 -4.277429275852515 0.0 0.0
0.0 0.0 0.16398981778499655 0.0 0.0
0.0 0.0 -1.7173530066341547 0.0 0.0
0.0 0.0 -1.0 0.0 0.0
0.0 0.0 1.0 0.0 0.0
1.354671984546349 -0.06227019376492419 0.23545475218317655 -0.08475699468639974 0.0
6.709409207572083 1.0711908861198283 -0.14612324321063686 -2.657095477516605 0.0
0.6532838839456105 -0.75405660040994 2.0290370516969967 -0.2239434449930346 0.0
-10.586839693345983 -0.1637229416121347 0.7566637818883797 0.44628606971122065 0.0
2.0549198137564852 -0.5278026581879133 -2.7815160789486844 0.0 0.0
0.820104260794082 9.97538465038982 1.9274044582925094 0.0 0.0
-5.6439696788118034 -4.668813719277919 4.685539448687584 -0.039953737724914784 0.0
0.0 0.0 0.0 1.589498998856862 0.0
0.0 0.0 0.0 -0.17065630451242209 0.0
0.0 0.0 0.0 -1.0 0.0
0.0 0.0 0.0 1.0 0.0
-0.12666580525296744 -0.003603698380917225 0.5558640331576667 -0.10661506260973987 0.015410649304168226
3.6104113553741035 0.7567285666657146 2.0626383957713617 -0.8446742174977458 0.4260718318841968
-10.931980947735337 0.7611352819439121 2.5656829265383525 -0.2954438544594889 0.14844432254966297
14.805163036382751 -2.781978596122499 -0.10629208804512012 -2.841113923711344 -4.1163230787804395
10.617659062889452 -4.78836756854561 -5.001227271010897 16.932323805358003 0.0
2.4511545199651437 14.987465014817927 -0.31754688692988225 -2.564682304948478 11.6925442624453
0.0 0.0 0.0 0.0 -0.05671636590215767
