1.2645320574573198 0.0 0.0 0.0 0.0
1.0 0.0 0.0 0.0 0.0
1.0 0.0 0.0 0.0 0.0
-0.05879291746579433 0.006763893391643567 0.0 0.0 0.0
-0.8927547887704996 0.20069635039187192 0.0 0.0 0.0
9.648966124902053 -0.21727170365370863 0.0 0.0 0.0
0.13175983611058376 0.0 0.0 0.0 0.0
-0.12888227927186935 -1.423378111802796 0.0 0.0 0.0
1.3452671112541101 0.0 0.0 0.0 0.0
-0.011535142031415145 1.4780388003653648 0.0 0.0 0.0
0.0 -0.12939745519907664 0.0 0.0 0.0
0.0 1.4304497168145138 0.0 0.0 0.0
0.0 1.0 0.0 0.0 0.0
0.0 1.0 0.0 0.0 0.0
0.9988521532555974 -0.026796377347719034 0.018134215561177253 0.0 0.0
-10.057606161335766 0.09371910470103126 0.5875746434889242 0.0 0.0
9.24107705689558 -0.29356289473135544 0.057736111816845105 0.0 0.0
-1.6214361508544717 0.1122808832774931 0.10150074037338636 0.0 0.0
0.10279493437327807 0.0 1.1531199944511163 0.0 0.0
-1.740420255675077 1.7611672617122285 0.0 0.0 0.0
-0.2702427505884227 1.159040583306613 -1.7495791459650056 0.0 0.0
-3.4498626376041845 1.5708114044127344 0.0 0.0 0.0
1.2973530260859218 -0.014650822984684203 0.23042249057464045 0.0 0.0
0.0 0.0 -0.3249188059142485 0.0 0.0
0.0 0.0 -0.20597487316987362 0.0 0.0
0.0 0.0 -1.0 0.0 0.0
0.0 0.0 1.0 0.0 0.0
1.1354167002775895 -0.06551373805214025 0.059322853069691164 -0.007778131940680555 0.0
11.144412096022528 -0.4859542673636478 0.08930052192531875 -0.17941375627003556 0.0
-1.5187428808903185 -0.41256301159583036 0.3859284182963944 0.011155787768438053 0.0
-7.430144653985302 0.06808642469937014 0.5375134039039928 0.3554448286056849 0.0
0.7497898032006647 -2.181759462532208 1.4661694306735833 0.0 0.0
1.5512791794092566 -1.735517471503021 -2.338531594806459 0.0 0.0
-3.696150795468728 3.069339570041947 0.6509484023632228 -1.9052155398960082 0.0
0.0 0.0 0.0 1.475250589103362 0.0
0.0 0.0 0.0 -0.9858932801290639 0.0
0.0 0.0 0.0 -1.0 0.0
0.0 0.0 0.0 1.0 0.0
-0.05580888624093738 -0.08572569079579098 0.14584943441773673 0.08567139275240275 -0.031729545216912076
-3.5151217963631574 -1.6344707435267298 0.4704078708179271 0.1253260585849015 -1.062787441866008
-7.042443792032223 0.2539976810843264 0.4476205950072133 0.9608795133363599 -0.0643073158515037
20.154043130392957 -0.5147970442284822 0.2122227767974576 -0.348388698054737 -0.7326562234476077
1.8902615140273418 -0.7943431813598099 2.026619774742065 1.0503298013149511 0.0
1.0521348897132763 -0.21183419455736585 -3.4197395523920884 0.7705521587741099 0.3378989661407613
0.0 0.0 0.0 0.0 -0.4699073547230417
