-1.0435891069499745 0.0 0.0 0.0 0.0
-1.0 0.0 0.0 0.0 0.0
1.0 0.0 0.0 0.0 0.0
0.1389190720737958 -0.005145531428241866 0.0 0.0 0.0
3.795789077267863 -0.1706207032344214 0.0 0.0 0.0
9.07894787659884 -0.11462620533272498 0.0 0.0 0.0
-0.2996328798522754 0.0 0.0 0.0 0.0
-0.4111294544207102 0.9607461656870384 0.0 0.0 0.0
0.3507294753459433 0.0 0.0 0.0 0.0
0.1711171602482147 0.7797701043042516 0.0 0.0 0.0
0.0 -0.4453184375519208 0.0 0.0 0.0
0.0 0.41933662752064516 0.0 0.0 0.0
0.0 1.0 0.0 0.0 0.0
0.0 1.0 0.0 0.0 0.0
1.277311122899098 -0.02204637140648242 0.009221204570270711 0.0 0.0
-6.476886986639261 0.310274512418395 0.26096116249994344 0.0 0.0
9.344319068473897 -0.19743844630140953 0.03756665373794856 0.0 0.0
7.373788764110349 -0.002554738775244661 -0.26704022821190354 0.0 0.0
0.2150596280074856 0.0 -0.5596751219215615 0.0 0.0
1.293561647179811 0.6124523297314584 0.0 0.0 0.0
-0.13931581520052083 -1.4579205961084913 -1.138383446604502 0.0 0.0
-0.43845123230181576 1.8030044081329208 0.0 0.0 0.0
-1.7855064297324188 -2.0463198894142653 1.0404431756313481 0.0 0.0
0.0 0.0 -1.3394452262258132 0.0 0.0
0.0 0.0 1.9461163887417698 0.0 0.0
0.0 0.0 1.0 0.0 0.0
0.0 0.0 1.0 0.0 0.0
2.412954074724924 -0.047876791980920895 -0.03366167051892313 0.01686551876048983 0.0
1.738793956032712 -0.12900434671325406 0.3240874133660067 0.5389793398062372 0.0
7.3919525033149505 -0.2582526714395117 -0.46820203049838804 0.06200864067193677 0.0
-11.308493787812814 0.14263863719389097 0.19642309948510517 0.774969843293706 0.0
0.3810845034480921 -1.989522109463597 2.0466726111287334 0.0 0.0
-4.365610142893955 -4.963868598199312 -3.8823611630961 0.0 0.0
-0.1827575042612157 3.3748266415259693 0.46552029377361925 -3.104090656697643 0.0
0.0 0.0 0.0 -0.1948973050014331 0.0
0.0 0.0 0.0 0.23023369620824985 0.0
0.0 0.0 0.0 1.0 0.0
0.0 0.0 0.0 1.0 0.0
1.1833630918310885 -0.02300572022543075 -0.05762876615948767 0.14996088115853007 -0.04945336773476544
12.810699698374304 -0.7910224411322222 0.0765181604989249 -0.01929826612718951 -1.6086208292145563
-11.068960909542874 0.45622709154240293 -0.4619455249306559 1.1061037732281491 -0.08189294876365744
5.547551008619621 0.6926401562060864 -0.14681567568489523 0.5248299829611806 0.35238358383203366
-0.026986664527343336 1.4883458655110653 3.00562539156279 -3.9360097439500197 0.0
-2.560782750165167 -6.966087468957108 -3.1908901231473945 2.667691266712638 -2.14082743927668
0.0 0.0 0.0 0.0 -0.5527273041484428
