1.6923496126103483 0.0 0.0 0.0 0.0
1.0 0.0 0.0 0.0 0.0
1.0 0.0 0.0 0.0 0.0
0.13757453205406214 -0.004349048117021125 0.0 0.0 0.0
4.593053816788658 -0.14915351200973512 0.0 0.0 0.0
8.510324316714428 -0.41738998935134747 0.0 0.0 0.0
-1.364702614406409 0.0 0.0 0.0 0.0
-0.46142506556591345 0.7784024608783735 0.0 0.0 0.0
2.115795833086167 0.0 0.0 0.0 0.0
0.2529027472221337 2.839387682662228 0.0 0.0 0.0
0.0 -0.5261871251608214 0.0 0.0 0.0
0.0 -1.5904393759722275 0.0 0.0 0.0
0.0 -1.0 0.0 0.0 0.0
0.0 1.0 0.0 0.0 0.0
1.206305747225057 -0.08232510151487386 0.03699143403973688 0.0 0.0
-5.95184187729666 -0.054447272974460115 1.2678156605615847 0.0 0.0
8.584784885532821 -0.7088444189367129 0.1182518854242171 0.0 0.0
8.096701715327587 -0.27690101149874274 -0.31141486650010525 0.0 0.0
-2.139006586429278 0.0 4.45039739099671 0.0 0.0
2.7137934041962595 3.1704199884731965 0.0 0.0 0.0
3.8249489182266743 4.144103478426788 -3.5833904674005215 0.0 0.0
-2.218543034349238 2.2005044393296 0.0 0.0 0.0
3.940946716850835 -1.6984734031753344 -0.21767307405368774 0.0 0.0
0.0 0.0 1.6110097083344819 0.0 0.0
0.0 0.0 1.1102421132069455 0.0 0.0
0.0 0.0 1.0 0.0 0.0
0.0 0.0 1.0 0.0 0.0
2.263710629868979 -0.2230120723626473 0.10205084161148496 -0.011914624624027044 0.0
-1.3059670389194125 -0.7409236384046792 0.49382742708615296 -0.30684302261651014 0.0
6.860335353151227 -1.288284543887261 0.9132638091969203 -0.11329073214363884 0.0
-10.658268584537932 -1.0698080998516708 1.1236585314279086 1.5012583910762196 0.0
-3.512053933057487 -5.204740742212016 1.4945356920361499 0.0 0.0
4.246591674969954 0.9441560007751859 -7.082912290970398 0.0 0.0
-3.6994782395526045 4.681793675357736 1.2121410834300368 -5.395080516809352 0.0
0.0 0.0 0.0 1.8602854502540382 0.0
0.0 0.0 0.0 -0.7170639033175763 0.0
0.0 0.0 0.0 -1.0 0.0
0.0 0.0 0.0 1.0 0.0
1.0949757092503898 -0.3907694764611363 0.3864177551756863 0.23443962595262624 -0.09884479581926033
10.276857272020873 -2.151441612878427 1.823505937088632 -0.3984975859557854 -3.1988154694073003
-9.898042989133074 -0.47992370765417625 2.075989684995671 2.175278537851156 -0.14148026734491104
0.14624979190590182 -1.1261697097474952 0.4301668620634019 -0.19422158720345545 -1.3970294332954825
-2.988314027022468 -0.3947838736853324 7.3386779090823575 2.7265311676359945 0.0
6.683198287714706 -0.6227390448551778 -8.46615839582155 2.266315220894479 4.1680027823906
0.0 0.0 0.0 0.0 0.2699749820491797
