-0.7228605254709057 0.0 0.0 0.0 0.0
-1.0 0.0 0.0 0.0 0.0
1.0 0.0 0.0 0.0 0.0
0.30838312368509724 -0.004640014356090526 0.0 0.0 0.0
8.963435634836523 -0.17589117500517815 0.0 0.0 0.0
4.166486491686938 0.04188100222256665 0.0 0.0 0.0
0.25682556367465703 0.0 0.0 0.0 0.0
-0.46286735553484976 0.7164749406328943 0.0 0.0 0.0
-0.7691960386720562 0.0 0.0 0.0 0.0
0.963852890835223 -0.284904777024263 0.0 0.0 0.0
0.0 -1.0692327080627684 0.0 0.0 0.0
0.0 1.0543074178563079 0.0 0.0 0.0
0.0 1.0 0.0 0.0 0.0
0.0 1.0 0.0 0.0 0.0
1.1373471876203127 -0.02249596949512711 0.0013175744095152723 0.0 0.0
6.34178928727755 -0.0504345390583536 0.08306428406781277 0.0 0.0
4.2943040138815345 -0.24221422445438984 0.01986377895475551 0.0 0.0
7.948344963967855 0.08866558542889243 -0.2027028550538359 0.0 0.0
-1.1783720659458496 0.0 1.3072056609022487 0.0 0.0
0.7107293434473935 -0.6950660346190489 0.0 0.0 0.0
-1.1100175753561756 -0.9169451361665875 -0.6019326955986566 0.0 0.0
1.287624834985034 1.692591922784941 0.0 0.0 0.0
-1.8284925488611767 -1.8904658962743812 1.148001367449106 0.0 0.0
0.0 0.0 1.5921104379265114 0.0 0.0
0.0 0.0 1.6239950181855014 0.0 0.0
0.0 0.0 1.0 0.0 0.0
0.0 0.0 1.0 0.0 0.0
2.2029684639778955 -0.02064473223680502 0.008580571853326306 0.015198133685849857 0.0
-2.0567812535958545 -0.053295330245174743 0.3548291758195056 0.441868208536993 0.0
7.502937519066432 -0.045406041173505954 0.18774676227360657 0.046365119699006196 0.0
-1.5197848247619863 -0.27161305538102276 -0.2343153089286527 0.33251267157034436 0.0
0.7921208854221908 0.6903300881255373 2.659736264238245 0.0 0.0
1.1600835219136454 -0.8984850245280036 1.21625673534085 0.0 0.0
0.060556245677166665 2.6049652056047776 0.5387702380351547 -2.264632569718102 0.0
0.0 0.0 0.0 -1.7141012794133657 0.0
0.0 0.0 0.0 0.9949036939064362 0.0
0.0 0.0 0.0 1.0 0.0
0.0 0.0 0.0 1.0 0.0
1.9897683917339348 -0.06885477744189311 -0.05121483960144146 0.059644013467827786 -0.002148729996707985
1.9498956040916795 0.11735530161103513 0.2571989885628938 0.2545990882074146 -0.19315865965396886
-2.3584216646912264 -0.38454257460254504 -0.6622352797878222 0.13802772699538385 0.03613127863268313
-8.93473799953243 0.17719201064148335 -1.0835010396315023 -0.3217547479614089 0.5994145463387112
-2.3134734449672267 -0.8341618005011426 -1.341954219992747 -0.050820412206119325 0.0
4.987563464736955 -4.729756252603758 2.016275945970267 4.71261188314328 -0.813760365300841
0.0 0.0 0.0 0.0 -1.9064035100357901
