0.9439146601577715 0.0 0.0 0.0 0.0
1.0 0.0 0.0 0.0 0.0
1.0 0.0 0.0 0.0 0.0
0.06521711768789099 -0.0011690370154537834 0.0 0.0 0.0
1.6899755270154482 0.013914667509505246 0.0 0.0 0.0
9.680381064196634 -0.11652859013144715 0.0 0.0 0.0
-0.1565453782006863 0.0 0.0 0.0 0.0
1.46570803953738 0.5766353450260234 0.0 0.0 0.0
0.6632259544128006 0.0 0.0 0.0 0.0
-0.29526405270802136 0.7927114974928378 0.0 0.0 0.0
0.0 1.4951524731565256 0.0 0.0 0.0
0.0 -0.3148775680065641 0.0 0.0 0.0
0.0 -1.0 0.0 0.0 0.0
0.0 1.0 0.0 0.0 0.0
1.2068252210104748 0.02286233002876742 0.0010561839127593516 0.0 0.0
-8.879756172538976 0.2968650486147888 0.01557265162074456 0.0 0.0
9.857409676979922 0.3491189287182863 -0.021933770004141342 0.0 0.0
3.840786911575406 0.16310010240695177 -0.06511591127421978 0.0 0.0
0.09833903301583247 0.0 -0.49796731797500293 0.0 0.0
0.4444381987400826 0.8670584051271375 0.0 0.0 0.0
-0.3283768520823109 -0.7900815679307575 0.6646596970951915 0.0 0.0
0.68939457065555 0.08104460750212206 0.0 0.0 0.0
-1.0083581218551947 -1.4004137489566093 0.15113657125689747 0.0 0.0
0.0 0.0 -1.2906788154678406 0.0 0.0
0.0 0.0 -1.4332975048106458 0.0 0.0
0.0 0.0 -1.0 0.0 0.0
0.0 0.0 1.0 0.0 0.0
1.9491139141570182 0.08988675230636824 -0.008563629021564519 -0.001335131770405788 0.0
5.203478101548468 0.9285605891239717 0.3356606293699455 -0.0997363997391835 0.0
3.930000725217319 0.44798363292284593 -0.1626259660891773 0.017895444572571157 0.0
-12.355784190883941 0.45917879280872265 -0.18590950533866663 0.33421686464212863 0.0
0.12320749794189689 -0.6704229062629923 0.33425066308532103 0.0 0.0
-2.468038023898175 -1.430958520573026 -2.105660833905753 0.0 0.0
1.195739356663508 -0.8443212293829914 1.7413842775753992 -0.7723196809272124 0.0
0.0 0.0 0.0 -1.9474353967732023 0.0
0.0 0.0 0.0 0.5292671291103623 0.0
0.0 0.0 0.0 1.0 0.0
0.0 0.0 0.0 1.0 0.0
0.36209504296703443 0.23564090541807597 -0.0667489943090456 0.0021556135809671488 -0.01614963753050346
7.656734291462481 0.3778348571519139 -0.40017307126776064 -0.2699909710767169 -0.5631284820510619
-12.730873920045056 1.347938119157476 -0.48106710614414405 -0.1153902946135006 0.0031820479081787717
12.913027120253481 0.033942822548937115 0.3374609690043096 0.06771158318088293 -0.2132880637685207
2.8005765454579117 -2.4985278739462617 2.1372482799101324 1.62509979270973 0.0
-1.5316061512627903 0.8706125379760871 -4.432844417345129 -0.49305192385341423 0.9091662965150603
0.0 0.0 0.0 0.0 -1.206166734866383
