-1.633154779160853 0.0 0.0 0.0 0.0
-1.0 0.0 0.0 0.0 0.0
1.0 0.0 0.0 0.0 0.0
-0.07225170316091122 0.0079234538110524 0.0 0.0 0.0
-2.9151835603709797 0.22208122994793553 0.0 0.0 0.0
-9.515572346515809 0.33126689849039004 0.0 0.0 0.0
-0.6562264855469429 0.0 0.0 0.0 0.0
0.5224948160445355 -1.7559734145171975 0.0 0.0 0.0
1.6445116666279298 0.0 0.0 0.0 0.0
-0.15904373860314022 -2.2535163162611567 0.0 0.0 0.0
0.0 -0.5461645755468556 0.0 0.0 0.0
0.0 1.4701666143174443 0.0 0.0 0.0
0.0 1.0 0.0 0.0 0.0
0.0 1.0 0.0 0.0 0.0
-1.7039507307643063 0.0340939640222003 0.0076190685134210085 0.0 0.0
-8.107112940797446 -0.33612120378112675 0.10221207981075464 0.0 0.0
-8.94429898661917 0.08619604147014623 0.023364282589428482 0.0 0.0
6.119436423037048 0.6559802335020866 -0.754503628019326 0.0 0.0
-1.13540892928334 0.0 -3.8990540676456487 0.0 0.0
2.674010044703674 -0.3382425811108886 0.0 0.0 0.0
-2.3451745854319967 2.560559751802067 -0.7080085633160147 0.0 0.0
-2.4520169616643597 -7.984792795297071 0.0 0.0 0.0
-5.698992642675016 -4.977536496274457 4.560813116295787 0.0 0.0
0.0 0.0 -1.6455377513844924 0.0 0.0
0.0 0.0 -1.9835789069984133 0.0 0.0
0.0 0.0 -1.0 0.0 0.0
0.0 0.0 1.0 0.0 0.0
-0.46625942607308624 0.105244037584726 -0.1656976351198527 -0.052726540692889616 0.0
11.729590492482114 -0.7991889147217937 0.6671816278150023 -1.3900716860692435 0.0
5.279286886828623 0.36898710758879977 -1.6895794180734387 -0.18727399159233557 0.0
2.349650245176033 -0.10320444268737673 -0.38557190771293764 0.9810520980646638 0.0
-1.9500940390029646 -5.714490371816773 0.15335600052617693 0.0 0.0
-6.345114310715694 2.5590990931898054 11.642103829103783 0.0 0.0
-2.2203954671276107 6.641012541349473 0.5839120418765338 -5.185458490710431 0.0
0.0 0.0 0.0 1.7331951964724222 0.0
0.0 0.0 0.0 0.26718664223191846 0.0
0.0 0.0 0.0 1.0 0.0
0.0 0.0 0.0 1.0 0.0
-0.5263863949264351 0.29334600868204663 -0.2383512008973932 0.22802484946320845 0.10461559143650041
-15.417321184084848 1.9916876222360904 2.1298701731766054 -0.172061508282895 2.9483937366518163
3.4960572613919716 2.0404469683462163 -1.4246394859210132 2.607288127498295 0.41502296030862973
-17.411426930098052 1.165936884145289 0.07503356058473237 1.0978402604476518 1.0155351108089952
5.525030217383369 10.116152566724544 -16.47628458163967 -1.8939290865447664 0.0
5.549819273058754 0.5827889210849508 -12.548769687683265 -0.7585929557937519 -3.4684980262953005
0.0 0.0 0.0 0.0 -0.2975915737621939
