0.5775099957156686 0.0 0.0 0.0 0.0
1.0 0.0 0.0 0.0 0.0
1.0 0.0 0.0 0.0 0.0
-0.11895757363565229 0.0014260455475677393 0.0 0.0 0.0
-3.8219011919362003 0.025301161008805723 0.0 0.0 0.0
-9.070913608899039 0.027814467327461522 0.0 0.0 0.0
-0.07217289465050422 0.0 0.0 0.0 0.0
0.501760263415661 -0.4158220535652215 0.0 0.0 0.0
0.016299500509122267 0.0 0.0 0.0 0.0
-0.20704231083210548 -0.18921406345211922 0.0 0.0 0.0
0.0 -0.5427981949285128 0.0 0.0 0.0
0.0 -0.7126722419807172 0.0 0.0 0.0
0.0 -1.0 0.0 0.0 0.0
0.0 1.0 0.0 0.0 0.0
-1.6775325891041735 -0.00206946135295495 -0.0012230435332637557 0.0 0.0
-7.051603884552282 0.13020556789363225 -0.014462979080731617 0.0 0.0
-8.962216635868518 -0.1024847344956023 -0.01756805646520075 0.0 0.0
7.007184115207629 0.04843087407603585 -0.10928686380899141 0.0 0.0
0.2612131036107237 0.0 0.6848165505965218 0.0 0.0
0.4311122307120816 0.13929397974211855 0.0 0.0 0.0
0.13066501801559052 -0.8873778026036032 0.5323653474303247 0.0 0.0
0.06464652492379422 -0.930497526367801 0.0 0.0 0.0
0.08216658188548576 -0.35516282718782943 0.6753975683974396 0.0 0.0
0.0 0.0 0.8740306140486411 0.0 0.0
0.0 0.0 0.934308728694702 0.0 0.0
0.0 0.0 1.0 0.0 0.0
0.0 0.0 1.0 0.0 0.0
-0.22289798560979568 0.0002214348784487898 -0.007627136734628497 -0.002332710523834666 0.0
12.652405497399968 0.22833214099962895 -0.16244075891679394 -0.11345951240977119 0.0
7.042856882906247 -0.13709356759027957 0.061440371344143055 0.02079132218467641 0.0
-2.127389153700374 -0.034174342931192994 0.15676642840877889 0.21901788507176034 0.0
-0.30032708354963017 -1.0316571192019357 -0.20516068041411298 0.0 0.0
-1.2355648098192147 -1.3266387663472359 1.5425028287819316 0.0 0.0
1.2607332475533282 -0.8124618746141907 -1.1500939291877543 -1.0372550018584576 0.0
0.0 0.0 0.0 -1.9714980143917287 0.0
0.0 0.0 0.0 1.0066340437394468 0.0
0.0 0.0 0.0 1.0 0.0
0.0 0.0 0.0 1.0 0.0
-1.1680880913315015 -0.008255391585881362 0.03293337234006611 -0.0053621798479497945 0.00477042983583479
-18.32002097281812 0.32805294978378935 -0.028995637855994606 -0.25298310612035885 0.07316974017187497
-2.4273912105570012 -0.260217828164628 0.4016388656705762 -0.24202226521123774 -0.01394156227994079
-14.897510470962828 -0.5268064535745337 0.508982502607084 -0.01782964745087475 -0.017052129427810613
3.877925227763354 1.44084912369395 -0.6965493470624389 0.33589780810915715 0.0
0.5011114746506324 1.0894213385343374 -3.670981279932546 0.2026270138916352 -0.26011669817711935
0.0 0.0 0.0 0.0 -1.568422951189825
