1.8928313942779407 0.0 0.0 0.0 0.0
1.0 0.0 0.0 0.0 0.0
1.0 0.0 0.0 0.0 0.0
0.2997560985217374 -0.015106218633373617 0.0 0.0 0.0
9.474304139072936 -0.41462246612645476 0.0 0.0 0.0
2.196203329025849 -0.187096815735073 0.0 0.0 0.0
-1.2513060020791396 0.0 0.0 0.0 0.0
0.23906453234014036 3.40752337344346 0.0 0.0 0.0
-3.1173204893224686 0.0 0.0 0.0 0.0
-1.28528113196999 1.2727674539800886 0.0 0.0 0.0
0.0 1.307325299541422 0.0 0.0 0.0
0.0 -1.014710360241922 0.0 0.0 0.0
0.0 -1.0 0.0 0.0 0.0
0.0 1.0 0.0 0.0 0.0
0.9672988118152313 -0.011909084391200007 -0.019958457928830855 0.0 0.0
10.045596583840402 0.09835195468017505 -0.6068944086285633 0.0 0.0
2.4860811123689395 0.30025565109493263 -0.05217407975309998 0.0 0.0
3.7600834472526428 -0.12607134275441967 -0.443393284922308 0.0 0.0
0.06234444889701045 0.0 -0.06341373361958924 0.0 0.0
0.18450690361900007 0.7302486198411617 0.0 0.0 0.0
-3.2327599640756612 -3.1211766292372003 1.5810327197909118 0.0 0.0
1.073545734900724 0.40589912261218525 0.0 0.0 0.0
0.05085428449695395 -0.5160429391067918 -0.36926367146788364 0.0 0.0
0.0 0.0 -1.3361811875996779 0.0 0.0
0.0 0.0 0.1899184377446672 0.0 0.0
0.0 0.0 1.0 0.0 0.0
0.0 0.0 1.0 0.0 0.0
1.5399357709185513 -0.022549894203128876 -0.11138951649996148 0.016784046804774126 0.0
0.3005987642319532 -0.05026845803043311 -0.7368901225684947 0.4693061205677529 0.0
3.8831117091725953 -0.06257748789469658 -0.5206102109205746 0.053472028626111445 0.0
-0.21603459618498588 -0.925424658980538 -1.0091496437234262 -0.1725271241638371 0.0
0.612674280900521 1.1393921286886621 0.5184244931178466 0.0 0.0
-0.40002099646885014 2.8039535189500535 4.660898404457985 0.0 0.0
-0.5246453130301334 1.2074026810457665 1.5415199775260306 0.061033740593468666 0.0
0.0 0.0 0.0 -0.8216865820107673 0.0
0.0 0.0 0.0 0.009938613184706568 0.0
0.0 0.0 0.0 1.0 0.0
0.0 0.0 0.0 1.0 0.0
1.5402127125792213 -0.15071768588976264 -0.32068584035889586 -0.033706647764556535 0.022515263064505346
0.9005861827488459 -0.33948129708808583 -1.4165400885784873 -0.02511647995666011 0.6252512159931873
-0.19888646863652237 -0.6345628137354289 -1.247653302564137 -0.6015907898671838 -0.007755504517101053
-3.3204868422163467 -0.34265396142776217 -0.6514140091041976 0.14006093335021125 0.41429657827702604
0.24685895639172328 0.33038561526020516 -1.6980169162123246 -2.051337707989603 0.0
0.5401198136177668 -2.464249794237584 -0.38512536339562775 2.2026565214150415 0.9596817507885952
0.0 0.0 0.0 0.0 -0.2160968092279214
