-0.14149810460311896 0.0 0.0 0.0 0.0
-1.0 0.0 0.0 0.0 0.0
1.0 0.0 0.0 0.0 0.0
0.30512816806330445 -0.0022720307275643096 0.0 0.0 0.0
9.161509562582465 -0.12765361516947676 0.0 0.0 0.0
3.5890726019154418 0.016207296021247975 0.0 0.0 0.0
0.10155575716201977 0.0 0.0 0.0 0.0
-0.6937172497039725 0.06833480819127707 0.0 0.0 0.0
-0.10586598500321413 0.0 0.0 0.0 0.0
1.6413670802628075 -0.11025371443025833 0.0 0.0 0.0
0.0 -1.7819454297781672 0.0 0.0 0.0
0.0 -0.42668840599369107 0.0 0.0 0.0
0.0 -1.0 0.0 0.0 0.0
0.0 1.0 0.0 0.0 0.0
1.06200808389208 -0.04187488330752464 0.0015993207072087276 0.0 0.0
6.960496947516033 -0.1577411219241941 0.027493290550958976 0.0 0.0
3.566318767970332 -0.492715787186718 0.019080444432914068 0.0 0.0
7.1610094773283475 -0.15653288641360938 -0.24006091433771162 0.0 0.0
0.5853504630694742 0.0 -0.6354840395106339 0.0 0.0
0.31916692122144474 -1.5851154458136216 0.0 0.0 0.0
0.9265183696699714 -0.45360221657015715 -0.578195285845882 0.0 0.0
0.6315127008850858 1.1573880769507323 0.0 0.0 0.0
-1.3981506556852452 0.49819824437647275 1.6986540749125891 0.0 0.0
0.0 0.0 -0.5252303250803756 0.0 0.0
0.0 0.0 1.4517858678876325 0.0 0.0
0.0 0.0 1.0 0.0 0.0
0.0 0.0 1.0 0.0 0.0
2.0563668281207064 -0.0880245857768018 -0.04970780067045113 0.013080617863482578 0.0
-1.9333603703589652 -0.6091668816989145 -0.07563047626899425 0.4454912248528622 0.0
7.219046466730363 -0.26464195789911754 -0.4500399815642058 0.032938252081346195 0.0
-1.1380739442662113 0.3471225852604296 0.12674983331362516 -0.22296431805002118 0.0
0.6973373345048903 0.20212887924781187 -0.1926660758915041 0.0 0.0
0.5006612645277624 0.06658718387137291 1.2147256300566216 0.0 0.0
1.5026794646719668 0.12792254953799864 -1.3191518848285932 0.3013682604119269 0.0
0.0 0.0 0.0 -0.2105066399613742 0.0
0.0 0.0 0.0 -1.308214210314639 0.0
0.0 0.0 0.0 -1.0 0.0
0.0 0.0 0.0 1.0 0.0
1.9646236566500503 -0.10043287154887931 -0.047285011226662316 0.02885527604556905 0.0027307932113551686
2.484396430192831 -0.8567178213162436 -0.20369463573462615 0.5484537199753385 0.07160427735875433
-1.230536256270157 -0.15752329091460923 -0.004461699406816448 0.22004629833240671 0.006436435502023413
-6.781122869357697 0.06699428853445111 0.10800299551952036 0.13178570129192232 0.067664799126913
0.0734380914560082 -0.11434616977003728 -0.7643356880810951 -0.640877762811953 0.0
-2.1117901704962545 -0.7003874069795357 1.4880557787819984 0.29633906107244057 -1.7619698484477242
0.0 0.0 0.0 0.0 1.8104274566540317
