-0.5619298959359744 0.0 0.0 0.0 0.0
-1.0 0.0 0.0 0.0 0.0
1.0 0.0 0.0 0.0 0.0
0.2664564632270042 -0.002063030908544151 0.0 0.0 0.0
9.177674134011847 -0.0008972890985549306 0.0 0.0 0.0
-2.8614993803007107 -0.21696708756485306 0.0 0.0 0.0
-1.3949328381403696 0.0 0.0 0.0 0.0
-0.6101894665024072 0.844455014808491 0.0 0.0 0.0
-1.2804200238810157 0.0 0.0 0.0 0.0
-1.7647210385552947 1.4759665820738304 0.0 0.0 0.0
0.0 1.8672363345195944 0.0 0.0 0.0
0.0 -0.09040055313102746 0.0 0.0 0.0
0.0 -1.0 0.0 0.0 0.0
0.0 1.0 0.0 0.0 0.0
0.0992672897579489 0.014319768733556767 0.0006018493456664077 0.0 0.0
7.788399823952095 0.3075964678211346 0.08703925928280584 0.0 0.0
-2.9170691788465084 0.3668748870683608 -0.0066723483769559055 0.0 0.0
-5.842943054962161 0.2958728802705029 0.07294528322112451 0.0 0.0
-1.9704259175079313 0.0 2.0848909188853844 0.0 0.0
-0.23086261089243784 2.0411679307594444 0.0 0.0 0.0
-0.7745956584545639 -1.05680279649858 0.2021923750592704 0.0 0.0
0.6832672105902546 0.5368599723895835 0.0 0.0 0.0
2.2382572157650076 -1.8405935395421635 -2.1548016412318978 0.0 0.0
0.0 0.0 0.6089243368115538 0.0 0.0
0.0 0.0 0.17594738287247758 0.0 0.0
0.0 0.0 1.0 0.0 0.0
0.0 0.0 1.0 0.0 0.0
-0.8528608761481618 0.04961039753225088 0.05598880629669504 0.0017760096742080508 0.0
-1.5743194504067226 -0.11813399027979758 0.046608124854253336 0.012266328642672894 0.0
-6.435399656077732 0.18660539622484726 0.6514470412563126 0.029799174084541163 0.0
0.7444350659037386 -0.5144837658663937 -0.24215208506532204 0.3679173407064186 0.0
-2.003931657425744 -0.4701026540920473 1.7690318355016226 0.0 0.0
-0.8620069001346451 0.836791590261214 1.8946869303748564 0.0 0.0
-1.4471787955074358 1.2210822760495863 0.9712735068831959 -2.014525135782014 0.0
0.0 0.0 0.0 0.8956456917370867 0.0
0.0 0.0 0.0 -1.2166835078755316 0.0
0.0 0.0 0.0 -1.0 0.0
0.0 0.0 0.0 1.0 0.0
-0.6956993705001349 -0.005853115249166402 0.024113660892125383 0.026321510454350227 -0.001180065470063631
1.4453303118570915 -0.17942526646085344 -0.018260228424387542 -0.10382671005532143 -0.09459821012745911
0.6899759744231933 -0.14674556107678158 -0.15712099381770317 -0.0139260693389269 -0.006530011954407694
6.154043881673548 -0.00016801438640534627 -0.4271547178356533 -0.21470747317946604 0.19767842327397334
0.9919510884906598 0.2971223979114148 -0.7572772269640664 -1.147638330247202 0.0
1.3490984275129947 -1.2565792723288807 -1.0477345850004924 1.7644819223730759 1.2871325902669584
0.0 0.0 0.0 0.0 1.1668685469572075
