1.82475400265011 0.0 0.0 0.0 0.0
1.0 0.0 0.0 0.0 0.0
1.0 0.0 0.0 0.0 0.0
0.24124780828791093 -0.011985991931688915 0.0 0.0 0.0
8.549268466304511 -0.41402903548171904 0.0 0.0 0.0
4.207634660008355 -0.4724932264084518 0.0 0.0 0.0
-2.88120180859379 0.0 0.0 0.0 0.0
-0.6826019919878521 2.125134135741311 0.0 0.0 0.0
-0.48015697653689404 0.0 0.0 0.0 0.0
1.3803584121193262 3.214239635431645 0.0 0.0 0.0
0.0 -1.5399139019355501 0.0 0.0 0.0
0.0 1.5820012473320255 0.0 0.0 0.0
0.0 1.0 0.0 0.0 0.0
0.0 1.0 0.0 0.0 0.0
1.0593344510610434 -0.1132977727129129 -0.010231606681849293 0.0 0.0
5.403750280815956 -0.1309160311986559 -0.2171642113340856 0.0 0.0
4.378597702967363 -0.7790454481203257 -0.1041392719042622 0.0 0.0
8.564934903924321 0.6580651454512705 -1.4534077718428182 0.0 0.0
-2.523042824773256 0.0 2.8146810907479076 0.0 0.0
1.7107350290246437 -5.2717649561977415 0.0 0.0 0.0
3.2117920585119792 -4.42977168052054 3.155735512250377 0.0 0.0
3.0793093816286676 -1.2249987028084957 0.0 0.0 0.0
-1.4276259753276386 -5.330599248520709 4.925043026275788 0.0 0.0
0.0 0.0 -0.3995585446837362 0.0 0.0
0.0 0.0 -1.83530225147278 0.0 0.0
0.0 0.0 -1.0 0.0 0.0
0.0 0.0 1.0 0.0 0.0
2.1485214460668636 0.05449967231211539 -0.16521068961219992 0.03792043656825153 0.0
-3.0693695774460927 -0.2745452116142018 0.08204886010558776 1.3279197820846989 0.0
7.610216163563495 1.5996933259249555 -0.7198344846853159 0.09090527362110609 0.0
-1.7647146089034003 0.36834447949230975 -0.671969998653418 -1.0422244685057502 0.0
-3.227072086794115 5.114481293910651 4.461153850240885 0.0 0.0
0.04632902276659756 2.5929736145598294 7.673581478583316 0.0 0.0
2.24832310107953 5.920217138417586 -4.637246395295893 -1.5987481942585153 0.0
0.0 0.0 0.0 0.49361284199190303 0.0
0.0 0.0 0.0 1.331480625043827 0.0
0.0 0.0 0.0 1.0 0.0
0.0 0.0 0.0 1.0 0.0
1.964428803081315 -0.008371731382154052 -0.34339633106186884 0.016391549076953588 0.014634609767986232
1.674510907661471 0.408104711007913 -1.22921507627496 0.6183047082529413 0.40495084211414056
-1.5906468075969844 -1.3355700568510296 -1.2877893712193 0.32065258820757025 -0.01939849507788921
-7.346412443981535 -0.6528909194601672 -3.1091369190700417 -0.14684601816042106 1.3789131326857864
-0.6648369436885078 1.0259769066891913 -2.9422410192131885 -3.990672867436661 0.0
-0.5637744089225283 -4.315368347334077 11.756130455054263 4.751974511050934 -6.283719154788867
0.0 0.0 0.0 0.0 0.8376320530249304
