-1.6212984647391506 0.0 0.0 0.0 0.0
-1.0 0.0 0.0 0.0 0.0
1.0 0.0 0.0 0.0 0.0
-0.021805143309322587 -0.003876193775987085 0.0 0.0 0.0
-0.09250957526551751 -0.11974706833376136 0.0 0.0 0.0
-9.852843858545981 0.3884205615227792 0.0 0.0 0.0
-0.044940996183105326 0.0 0.0 0.0 0.0
0.06928242777616384 0.7834950107112029 0.0 0.0 0.0
2.6552603585461623 0.0 0.0 0.0 0.0
-0.0011785384084322817 -2.64231674505292 0.0 0.0 0.0
0.0 -0.06929245089719016 0.0 0.0 0.0
0.0 -1.309660420280812 0.0 0.0 0.0
0.0 -1.0 0.0 0.0 0.0
0.0 1.0 0.0 0.0 0.0
-1.8051718480085277 0.04534167140687141 0.01782396156799229 0.0 0.0
-9.664452439768247 -0.2829175415602224 0.3928488644056023 0.0 0.0
-10.079044005472676 0.22061818352932858 0.0860641990720056 0.0 0.0
0.6538393044488948 -0.1725759743189702 0.4689725939106156 0.0 0.0
-0.07590347407095281 0.0 -4.462763124524724 0.0 0.0
-0.710476425413524 -2.712270047690254 0.0 0.0 0.0
-0.12466868357854287 4.467587800899295 -2.6080060324850187 0.0 0.0
-4.297947618178198 4.850862694517325 0.0 0.0 0.0
-4.7699291131847 0.24567250034795285 -2.8629021234703 0.0 0.0
0.0 0.0 -1.8204463794718042 0.0 0.0
0.0 0.0 0.2259487395016384 0.0 0.0
0.0 0.0 1.0 0.0 0.0
0.0 0.0 1.0 0.0 0.0
-1.381087466954655 0.055652294902760975 -0.02290257747642463 -0.012514482193240474 0.0
9.89163868975848 -0.5352292644884966 -0.4676624876278809 -0.49551884647636185 0.0
0.5332467018222037 0.5982521864006691 -0.9596715171851571 -0.08031883064687562 0.0
8.522154997181538 0.3725538881609667 -0.4318263577433908 -0.7555116210541626 0.0
-0.39402009010723527 2.9583055950435497 -2.0231405879681987 0.0 0.0
1.5181300901429302 0.42309101672439997 -3.238959797242221 0.0 0.0
4.714720218324411 -5.565301269925174 0.5038114299360394 2.888650097141001 0.0
0.0 0.0 0.0 -0.661101311313419 0.0
0.0 0.0 0.0 1.9908687857070184 0.0
0.0 0.0 0.0 1.0 0.0
0.0 0.0 0.0 1.0 0.0
-0.24741013568475267 0.07309246432153138 -0.12099590766515511 -0.19801229718913424 -0.048080600035865194
-1.1422603488790202 -1.188534007112806 0.4911423115025469 0.06290148344168513 -1.3802187011641236
7.501002071422391 0.30742698197287227 -1.1396749042784686 -1.714904745194756 -0.1270024896039976
-19.797166771670547 0.8735351826259122 0.26236808469109524 0.4341654920397716 0.8148963964297301
1.314241192066621 0.12858950523851156 4.199745403117838 1.4496239582630053 0.0
0.5093200396904562 -2.1485330007159704 2.653443473179635 0.20735553244867896 -1.9358111066205015
0.0 0.0 0.0 0.0 1.3818455588116132
