0.6716207634234164 0.0 0.0 0.0 0.0
1.0 0.0 0.0 0.0 0.0
1.0 0.0 0.0 0.0 0.0
0.060132910249489434 0.004818264752498271 0.0 0.0 0.0
1.1249243980760786 0.15073963159238596 0.0 0.0 0.0
-9.845275777807881 0.08231045540479416 0.0 0.0 0.0
0.06145364020789283 0.0 0.0 0.0 0.0
-0.14251592370242902 -0.9610640409086388 0.0 0.0 0.0
0.6620306369935567 0.0 0.0 0.0 0.0
-0.01573637997441906 -0.5599350707809126 0.0 0.0 0.0
0.0 0.14338208452751644 0.0 0.0 0.0
0.0 1.615351850811368 0.0 0.0 0.0
0.0 1.0 0.0 0.0 0.0
0.0 1.0 0.0 0.0 0.0
-1.6952551471822184 0.02162018317347004 0.00421176386350435 0.0 0.0
-9.941511600198577 0.03857345219542789 0.11191243472851925 0.0 0.0
-9.570870184428244 0.1099426295035088 0.01896065920246804 0.0 0.0
-2.0119754125195963 -0.25138712585056133 0.09381030954455344 0.0 0.0
0.05227082942467878 0.0 -0.4762658562563954 0.0 0.0
0.5949398005415912 -0.3039615146582253 0.0 0.0 0.0
0.19516222438046235 0.4400654167386415 -0.5745654303778187 0.0 0.0
-3.3289032193386245 1.4065456488648662 0.0 0.0 0.0
-1.1757475986768997 0.3540624916518177 -0.1880350506950992 0.0 0.0
0.0 0.0 0.08366921452451725 0.0 0.0
0.0 0.0 -0.37836800137276194 0.0 0.0
0.0 0.0 -1.0 0.0 0.0
0.0 0.0 1.0 0.0 0.0
-1.7645777572276033 -0.00022479381673476493 0.016935557897969834 0.004688559155863179 0.0
6.727866967720587 0.1398468766543149 0.23879803372301434 0.18529142056849343 0.0
-1.9771245270168 -0.07455378170810809 -0.007471135707913579 0.024543401128887726 0.0
11.59977923456011 -0.16771218623108944 0.08259135035759245 0.003200893231934543 0.0
0.05591039285779309 0.539961887277524 -1.2350526229578282 0.0 0.0
2.762159348577389 -1.9873157454211623 -0.7652430066556996 0.0 0.0
3.667509302819481 -0.1950517263724758 -1.29968249832492 0.8014060908375613 0.0
0.0 0.0 0.0 1.4975462746593808 0.0
0.0 0.0 0.0 1.2453694180524617 0.0
0.0 0.0 0.0 1.0 0.0
0.0 0.0 0.0 1.0 0.0
0.2006320926039269 -0.05464783067921795 0.04110522849913692 0.038164691770345455 0.002174177907298616
4.996964243506951 0.023469968203280116 -0.15238401468104243 0.15462822221186112 0.0943879059439247
12.936832136897515 -0.5539454943038131 0.26902996529971657 0.41636816009297495 0.03559453647832757
-16.100527019761316 -0.11126974341131357 -0.3665870050326779 -0.2173353879211818 0.08478287583084686
2.7930788715351467 -1.7507688616320551 -0.4614172077874853 1.752134309966022 0.0
-0.28063022680604854 -0.31171563068886154 1.2058009570604156 -0.1388644791938348 -0.5408957316234868
0.0 0.0 0.0 0.0 -1.6523226814448781
