-1.5608291409770017 0.0 0.0 0.0 0.0
-1.0 0.0 0.0 0.0 0.0
1.0 0.0 0.0 0.0 0.0
0.032650906429722085 -0.0044803910268110545 0.0 0.0 0.0
0.7141098194096274 -0.19392263326447956 0.0 0.0 0.0
9.742579186711692 -0.3543693861978045 0.0 0.0 0.0
-0.1333218998605081 0.0 0.0 0.0 0.0
-1.7595213900529938 0.528001475137968 0.0 0.0 0.0
2.3777856014340313 0.0 0.0 0.0 0.0
0.09745909434657461 2.410676096583704 0.0 0.0 0.0
0.0 -1.7622184305939133 0.0 0.0 0.0
0.0 -0.14464294322999205 0.0 0.0 0.0
0.0 -1.0 0.0 0.0 0.0
0.0 1.0 0.0 0.0 0.0
1.1604182955210685 -0.08684732352371366 0.035892511852670554 0.0 0.0
-9.546239203186165 0.3143368413218958 1.1246348408003954 0.0 0.0
9.887681023070375 -0.9063332541868887 0.1368368383515071 0.0 0.0
1.604862758500604 -0.09326355088183769 -0.12234879694201889 0.0 0.0
-0.061979837915591564 0.0 1.1206959538498698 0.0 0.0
0.7580123295264529 2.3580995617484497 0.0 0.0 0.0
0.29978839862800644 1.026413618014355 -4.146570859136584 0.0 0.0
-4.125207290219509 1.7054380350035625 0.0 0.0 0.0
1.2176865623756497 -1.7331820099584296 0.9845964711025819 0.0 0.0
0.0 0.0 -1.2899801427338344 0.0 0.0
0.0 0.0 0.9860342723846278 0.0 0.0
0.0 0.0 1.0 0.0 0.0
0.0 0.0 1.0 0.0 0.0
1.6698789984546318 -0.22409553239928529 0.04818672177787235 -0.009521995100633108 0.0
8.524930968684949 -1.2047404210679276 0.20928284229549787 -0.23928485718201226 0.0
1.4975254270203988 -1.2178650717886887 0.15604301967298947 -0.014443946156691817 0.0
-9.271035607586594 0.14251796828903893 1.1990616243336476 1.483607207046152 0.0
-0.060182340770422615 -5.785681771866349 0.7749950292145084 0.0 0.0
-0.6364444194277059 -0.5184394635855347 -7.492520693546648 0.0 0.0
-5.141898953822323 2.378613653888472 0.961146881300431 -5.853500002300802 0.0
0.0 0.0 0.0 0.5081444045877244 0.0
0.0 0.0 0.0 0.87834602860829 0.0
0.0 0.0 0.0 1.0 0.0
0.0 0.0 0.0 1.0 0.0
0.4327903426109234 -0.2094182607576904 0.21683939520969464 0.2500711576511341 -0.08064070110219546
2.952658948451843 -2.1035746700107847 -0.46840719887101057 0.22157359723170764 -2.695598167894749
-8.748214273563342 0.847139372209891 1.227237570019978 2.177470809550388 -0.10630096608462254
18.203682450587976 -2.5529644608687816 0.4961167183434304 0.008439653801335469 -1.7187296758452042
2.8085015058334406 -2.4363325233000848 5.084872987126971 1.9832361844708033 0.0
-1.5481587236616856 2.744669434966149 -9.59578889754332 -1.461300320908748 1.3068478059357922
0.0 0.0 0.0 0.0 1.4981623427904514
