1.9075911025737562 0.0 0.0 0.0 0.0
1.0 0.0 0.0 0.0 0.0
1.0 0.0 0.0 0.0 0.0
0.220950144540918 -0.013408682364792734 0.0 0.0 0.0
7.303553025471898 -0.34792372378522846 0.0 0.0 0.0
-6.569231797211012 0.29082636237579074 0.0 0.0 0.0
1.406575099709016 0.0 0.0 0.0 0.0
-1.244504129506431 3.16138566165181 0.0 0.0 0.0
-0.8563473616628804 0.0 0.0 0.0 0.0
-1.2581872458971257 -1.97841062840674 0.0 0.0 0.0
0.0 1.7696964920846607 0.0 0.0 0.0
0.0 1.6134810881346446 0.0 0.0 0.0
0.0 1.0 0.0 0.0 0.0
0.0 1.0 0.0 0.0 0.0
-0.7745195270690641 0.0742669932534076 -0.018803402335481983 0.0 0.0
0.5142319481644275 0.3866757382626322 -0.6973955190290622 0.0 0.0
-7.27764865493069 0.7493629325674613 -0.045929654119280905 0.0 0.0
-10.923209293604256 -0.07994955386867053 1.4524762667319804 0.0 0.0
2.7489556328457323 0.0 -3.8665287350569972 0.0 0.0
-3.922958980353394 5.58078100198824 0.0 0.0 0.0
1.660646335836333 1.871339347915749 1.3918077005842662 0.0 0.0
2.2847998730493955 6.785382348197482 0.0 0.0 0.0
2.686097407307296 3.587457119363412 -7.465158274136723 0.0 0.0
0.0 0.0 -1.888118106650257 0.0 0.0
0.0 0.0 0.7311661195428663 0.0 0.0
0.0 0.0 1.0 0.0 0.0
0.0 0.0 1.0 0.0 0.0
-2.3846404787875564 -0.019918652747173957 0.08126206506856172 0.0076474330468908275 0.0
-2.9819060843647947 -0.02474416377742855 -0.9854011402337887 0.01760348448999191 0.0
-9.525929695073255 -1.353133494807754 0.11405785606937877 -0.0019582531532161274 0.0
6.112955602818737 -0.012011992624465506 0.2884916128420814 0.9361846666156604 0.0
3.8783873383763177 -3.7596145480440257 -2.40726653627573 0.0 0.0
-3.2333876949922815 2.174757864561917 4.111660838886516 0.0 0.0
-1.0736559542048705 -7.792952712955833 3.0826439353033583 -0.2236273905401644 0.0
0.0 0.0 0.0 0.9761609750356519 0.0
0.0 0.0 0.0 1.3448796901397295 0.0
0.0 0.0 0.0 1.0 0.0
0.0 0.0 0.0 1.0 0.0
-1.2262452598919502 0.05038245870987021 0.08180768718349957 -0.00041181642247147595 -0.002999613848106993
8.969593632863905 0.0701025303402088 -0.4412029217560095 -0.20009417725577738 -0.05433552353454707
5.73993336714403 0.7663879898056698 -0.08128206841769427 -1.080826273202552 -0.15678138577385756
5.856456250128474 -0.1184550602275966 1.9634839982470933 1.0358450361017626 -0.2562542985167869
-3.524855210287132 2.4806061607672625 4.484411000534293 -2.5494570191618404 0.0
2.685241969574378 5.560839490403527 -6.255806442448449 -4.832834946298743 1.6233817365220893
0.0 0.0 0.0 0.0 1.10242593118268
