-0.5657623237979625 0.0 0.0 0.0 0.0
-1.0 0.0 0.0 0.0 0.0
1.0 0.0 0.0 0.0 0.0
0.29013781436400965 0.0020507309234483215 0.0 0.0 0.0
7.727977301561304 0.014858014865660248 0.0 0.0 0.0
-6.373181004718268 0.2137172888734888 0.0 0.0 0.0
1.1391445962997342 0.0 0.0 0.0 0.0
0.8903284823804595 -0.7444129780106896 0.0 0.0 0.0
1.4866292347596812 0.0 0.0 0.0 0.0
1.1227140778135727 -1.453859107982917 0.0 0.0 0.0
0.0 -1.4328892863925926 0.0 0.0 0.0
0.0 1.877366530261121 0.0 0.0 0.0
0.0 1.0 0.0 0.0 0.0
0.0 1.0 0.0 0.0 0.0
-0.583889035809083 -0.009183217840379416 0.0009266404910990316 0.0 0.0
1.6257272104854827 -0.4277767810532925 -0.052400614578644186 0.0 0.0
-6.318404589307406 -0.26516975047671976 0.021408554460784684 0.0 0.0
-9.699895388355452 -0.30690055267133604 -0.06888640016162811 0.0 0.0
1.9108823867927913 0.0 -2.4388069533464574 0.0 0.0
-1.164032467543356 -2.2309900240455396 0.0 0.0 0.0
2.4609410858942016 1.745987550023829 -0.6487440745692357 0.0 0.0
0.17796045211461275 -0.35427515067327475 0.0 0.0 0.0
-3.185564447761868 1.7279892963844619 2.089387228307882 0.0 0.0
0.0 0.0 -0.9849478453635401 0.0 0.0
0.0 0.0 -0.9635589138534759 0.0 0.0
0.0 0.0 -1.0 0.0 0.0
0.0 0.0 1.0 0.0 0.0
-2.0791098959855474 -0.04493993340160518 -0.0666070487648528 -0.002481821816530787 0.0
-4.40832521849007 -0.3012659869363717 -0.1968067526761077 0.013547253012087451 0.0
-8.63515254952 -0.0001237635824076211 -0.7841378644052825 -0.051180314999719013 0.0
5.633601791549387 1.208742005046202 0.598346998804383 -0.4623490631863071 0.0
3.4966925126652404 1.5048359709266104 -1.6413350422246493 0.0 0.0
1.5412254536752137 -0.9614965023409808 -3.342720700701561 0.0 0.0
0.07493110061491426 -2.613503937681308 -3.3903129318250307 2.5260900340374093 0.0
0.0 0.0 0.0 0.6001271573024765 0.0
0.0 0.0 0.0 -1.9602583135268792 0.0
0.0 0.0 0.0 -1.0 0.0
0.0 0.0 0.0 1.0 0.0
-1.2047905014655145 0.023646814254410814 0.02981512303337419 0.0072058113522678185 -0.010820564087842828
3.399941530256143 -0.6990752721623735 0.7630508236103452 0.7361344503226811 -0.26232590786531806
4.364606181378138 -0.0736643755592375 0.418407548414238 0.4105247699743082 -0.042692834290979434
9.025321593275585 -0.070219673508901 -0.4071247068887183 0.14515673502804763 0.23561235192813754
1.7278715225458452 0.8565349898040768 3.227071273644869 0.9114244045264291 0.0
-9.266991215841614 1.1859083402729633 6.695121166689287 -0.5616300361424063 -4.18778484294684
0.0 0.0 0.0 0.0 1.8697480379226907
