-0.020560691322507818 0.0 0.0 0.0 0.0
-1.0 0.0 0.0 0.0 0.0
1.0 0.0 0.0 0.0 0.0
0.14733222343960894 0.004876243609110986 0.0 0.0 0.0
5.038629723491898 0.19040886985901528 0.0 0.0 0.0
8.330978338298504 -0.06648692898901509 0.0 0.0 0.0
-0.24157585519783004 0.0 0.0 0.0 0.0
1.09247497049686 -0.7151091554059923 0.0 0.0 0.0
0.7643234646317901 0.0 0.0 0.0 0.0
-0.6902043396405567 0.45229203393887824 0.0 0.0 0.0
0.0 1.292239757792946 0.0 0.0 0.0
0.0 1.430397965196423 0.0 0.0 0.0
0.0 1.0 0.0 0.0 0.0
0.0 1.0 0.0 0.0 0.0
1.2133183458310253 0.023756725400205507 0.0003588053437752141 0.0 0.0
-4.43037053241609 0.045825587795054544 0.04474430314872208 0.0 0.0
8.191529445546621 0.2853905648291535 -0.022918967495614076 0.0 0.0
8.921152815908101 0.2815312639881141 0.19463073293991007 0.0 0.0
-0.5482188615710449 0.0 1.026406483133714 0.0 0.0
-0.0013781647116111787 0.7182671909135242 0.0 0.0 0.0
-1.1603724234546942 0.8497271203926516 0.6945141665337596 0.0 0.0
-0.9556069061923331 -1.4987268168613956 0.0 0.0 0.0
-0.5447879587795406 -0.5767243575834018 -1.3194388395431125 0.0 0.0
0.0 0.0 0.5741144491948358 0.0 0.0
0.0 0.0 1.6289375885396353 0.0 0.0
0.0 0.0 1.0 0.0 0.0
0.0 0.0 1.0 0.0 0.0
2.4313792124788023 0.09561677422818056 0.05824390463060002 -0.01669690558929782 0.0
-2.071948459249638 0.5785611240582127 0.21496185380349342 -0.5626508115965744 0.0
8.610573390825166 0.49932673155187307 0.5438104785167813 -0.04097068638697171 0.0
-10.655538142386163 0.028570144927142563 -0.06376836879206932 -0.05455444691042453 0.0
-0.37169801169482736 -0.004539987322817492 -0.0009390955980857984 0.0 0.0
-4.617518067523969 0.8496892533498422 -0.7022107112116331 0.0 0.0
2.404348185530995 -1.2027349328869588 0.9416724665663314 -0.002751790703980187 0.0
0.0 0.0 0.0 -0.39825738946435996 0.0
0.0 0.0 0.0 -0.6150020389852653 0.0
0.0 0.0 0.0 -1.0 0.0
0.0 0.0 0.0 1.0 0.0
1.2265462000120024 0.15770549608878504 0.09180718480988465 -0.07256869389721332 0.004509142902134249
11.091259616696789 0.7932421840389416 0.680407085408879 -0.36140613628995194 0.1225388629117002
-10.7697331137648 0.4897979368945605 0.23133238848059023 -0.5473427209117382 0.024370279052760166
-2.2010745692451437 0.04338393635614737 0.07665667482798852 -0.545439412582056 -0.32962485836663047
4.498663594791569 -0.8996398316663544 0.3847650863503536 2.03373329646516 0.0
-4.592823358868921 1.0936281681767075 -1.4148235152366733 0.21420979908453364 1.9690180452981314
0.0 0.0 0.0 0.0 0.6687074957168768
