0.31536197059308435 0.0 0.0 0.0 0.0
1.0 0.0 0.0 0.0 0.0
1.0 0.0 0.0 0.0 0.0
0.24681747757442155 -0.0018202224387172245 0.0 0.0 0.0
7.89701796294255 -0.04428893585873926 0.0 0.0 0.0
-5.714289098305538 -0.06543726136756002 0.0 0.0 0.0
-0.35917830169969583 0.0 0.0 0.0 0.0
-0.19457144174878468 0.44916718080726703 0.0 0.0 0.0
-0.625383777157876 0.0 0.0 0.0 0.0
-0.2657606892892904 0.44515143787455796 0.0 0.0 0.0
0.0 0.3293733290898331 0.0 0.0 0.0
0.0 0.41265792357825726 0.0 0.0 0.0
0.0 1.0 0.0 0.0 0.0
0.0 1.0 0.0 0.0 0.0
-0.49454197073338235 0.0031869539803512908 0.0004261983186757853 0.0 0.0
3.09614768078026 0.2463671210653199 0.0840326580521786 0.0 0.0
-5.762876372170727 0.0816762765487906 -0.007858766095324252 0.0 0.0
-9.15346342135338 0.27254363058077535 0.024872611583806686 0.0 0.0
-1.7388623521635098 0.0 2.1550774995832045 0.0 0.0
-0.2830425029614957 0.5703300489971771 0.0 0.0 0.0
-0.8915745540210442 -1.5235690655739302 0.2381444271310376 0.0 0.0
0.3736389459949301 0.21169694801025468 0.0 0.0 0.0
1.0408722309926242 -1.5554671456385463 -0.6553777463173098 0.0 0.0
0.0 0.0 1.7099260617086465 0.0 0.0
0.0 0.0 -0.7299817669790607 0.0 0.0
0.0 0.0 -1.0 0.0 0.0
0.0 0.0 1.0 0.0 0.0
-1.9855450443405847 0.03176126197335852 0.047942554253814725 0.005571727978925163 0.0
-3.3412220342866554 -0.19011920695207185 -0.04057219493988879 0.11727508817903241 0.0
-9.666754679934812 0.13598909082345098 0.6137152326269304 0.046359520322788936 0.0
3.861381211612949 -0.34408988664601664 -0.2639190196483143 0.26582664214375046 0.0
-1.7142203227273722 -0.935668167120099 1.2581315180512156 0.0 0.0
-1.008562429069479 0.38462400882118103 2.4069735540540047 0.0 0.0
-1.8981738853803174 0.20127343720555668 0.94378397287821 -1.7964238655458904 0.0
0.0 0.0 0.0 -0.9072026660032555 0.0
0.0 0.0 0.0 1.9245796898407077 0.0
0.0 0.0 0.0 1.0 0.0
0.0 0.0 0.0 1.0 0.0
-1.2151615145998447 0.00925123989109184 0.009363729170095243 0.0008864546122678407 -0.0015254923409367658
6.085782626028333 -0.22045057477571786 -0.4504097824146846 -0.34252309142255805 -0.1675297853849621
3.8205691974598874 0.14004491832250757 -0.05766658442704041 -0.27055102729027225 -0.008964483240109632
7.93716587005661 0.11287910408134072 -0.25868102298533613 -0.45269500387614714 -0.024736735183842243
1.2664936783602534 0.4891179805099094 -0.6899319680543188 -1.5479040475977088 0.0
3.186856342963142 -2.2481783949310263 -2.6736951771610906 2.847853563911832 1.8407299544101987
0.0 0.0 0.0 0.0 -0.3933628659290571
