-1.616409982524444 0.0 0.0 0.0 0.0
-1.0 0.0 0.0 0.0 0.0
1.0 0.0 0.0 0.0 0.0
0.29142261307092654 -0.014264103730055905 0.0 0.0 0.0
7.909352247750438 -0.44022154311872813 0.0 0.0 0.0
5.9985278236443245 -0.07224598803876178 0.0 0.0 0.0
-0.39515111617329135 0.0 0.0 0.0 0.0
-0.14371314572673505 2.886187700926362 0.0 0.0 0.0
-2.028323621485102 0.0 0.0 0.0 0.0
0.19432858417593754 0.4914693063861346 0.0 0.0 0.0
0.0 -0.24169622852352957 0.0 0.0 0.0
0.0 -1.3543626779025466 0.0 0.0 0.0
0.0 -1.0 0.0 0.0 0.0
0.0 1.0 0.0 0.0 0.0
1.3428878852574373 -0.044662129202049705 -0.019923868065706337 0.0 0.0
4.104783719550843 -0.5758433886289622 -0.6297087153439245 0.0 0.0
6.590370804555469 -0.12183460552858659 -0.09943725314218149 0.0 0.0
9.754868684452251 -0.3916286807744263 -1.0388494217792021 0.0 0.0
0.632377207637332 0.0 -0.7865193210681034 0.0 0.0
1.9939956858127874 -4.08427951939843 0.0 0.0 0.0
-2.645442032729145 -0.650608293820996 3.013250095217619 0.0 0.0
2.4907874105578647 1.0741902337473284 0.0 0.0 0.0
-3.7516639147824873 0.49708481864238985 4.4612671393333585 0.0 0.0
0.0 0.0 -1.2779886274542376 0.0 0.0
0.0 0.0 -1.1588606638273697 0.0 0.0
0.0 0.0 -1.0 0.0 0.0
0.0 0.0 1.0 0.0 0.0
2.7274155004247023 -0.02842619822407056 -0.22007770924917722 0.029702678953971832 0.0
-1.6409171996402314 -0.26418732785859106 -1.0044312704966083 1.0546444402171014 0.0
9.951147714111436 0.6159039431360519 -1.4099815152559607 -0.00842788451236115 0.0
-3.2040192592813064 -0.4384237877233582 -0.6718534002587946 -1.1910407229438107 0.0
1.9527697786871894 3.1594149349128196 -2.4785599204963926 0.0 0.0
-3.917018496746845 4.49438598897744 4.880618932566856 0.0 0.0
2.8265725181035135 0.9068382684892247 -2.690311664607636 4.339668109517287 0.0
0.0 0.0 0.0 0.22246800593068627 0.0
0.0 0.0 0.0 -1.6364602135953366 0.0
0.0 0.0 0.0 -1.0 0.0
0.0 0.0 0.0 1.0 0.0
2.4808380010221107 -0.09719612680064672 -0.3386991872954473 -0.04794714686914922 0.017665700313256132
7.373597898885933 1.370091259267877 -1.801008773748415 -0.09417435450445716 0.7328729365140174
-3.363568938935705 -1.0798664923541912 -0.2763877796346503 -0.05208357926300934 -0.1090838272664735
-5.258726519302662 -0.8087823056299267 -1.5977251791131768 0.7902593228139028 0.20392703101907333
-3.522094966564933 2.237758934520457 3.100080142916557 -1.949508368277538 0.0
-6.914965404543467 3.1099150482748015 7.077578410143389 -2.1104957384341967 -0.9982710651793469
0.0 0.0 0.0 0.0 -1.7604524736987828
