-0.3947398977022325 0.0 0.0 0.0 0.0
-1.0 0.0 0.0 0.0 0.0
1.0 0.0 0.0 0.0 0.0
0.035468547209071964 -0.004974934921272057 0.0 0.0 0.0
1.68474730093144 -0.16915283586089894 0.0 0.0 0.0
-9.609701100375457 -0.0009800063980996586 0.0 0.0 0.0
-0.001202269943101169 0.0 0.0 0.0 0.0
0.5483515033839524 0.9003970849586578 0.0 0.0 0.0
-0.1689343985799276 0.0 0.0 0.0 0.0
0.10053770404704399 0.00666671019115414 0.0 0.0 0.0
0.0 -0.5574918844238828 0.0 0.0 0.0
0.0 -0.1117391717157572 0.0 0.0 0.0
0.0 -1.0 0.0 0.0 0.0
0.0 1.0 0.0 0.0 0.0
-1.6885440985771085 -0.007543738459874893 -0.0008176402549644558 0.0 0.0
-8.893061950500893 0.29203866107282317 0.03629319807097263 0.0 0.0
-9.855793982895763 -0.10506466344827292 -0.018741719889521516 0.0 0.0
-3.601547998867786 0.19894331277730865 0.09963940001900862 0.0 0.0
-0.3337379866633946 0.0 1.8506113786102414 0.0 0.0
-0.7885192585659136 0.013935980688400157 0.0 0.0 0.0
-0.43283897723042314 -1.8126653627408569 0.5679309057430797 0.0 0.0
0.6742565758289412 0.8352764023948915 0.0 0.0 0.0
1.956557958366775 -0.37521294487772666 -0.85612129597595 0.0 0.0
0.0 0.0 1.8439446684190872 0.0 0.0
0.0 0.0 -0.17800758244531867 0.0 0.0
0.0 0.0 -1.0 0.0 0.0
0.0 0.0 1.0 0.0 0.0
-2.015856921493348 0.009928843842608129 0.045471734603485164 0.00983163071948104 0.0
6.33700173199065 -0.004159410323822502 -0.24934099337571045 0.23046556680421193 0.0
-3.6616050500560537 0.00930642920131014 0.5768446312141849 0.05874346570814594 0.0
12.030512255937978 -0.009480502944279823 -0.1167671255754586 0.01911191306446274 0.0
-0.1620855850512668 -0.9379400493229745 0.10948158249299467 0.0 0.0
-0.5242264550551377 -1.5932428249651984 1.3167636338204693 0.0 0.0
-1.2743424160633778 -1.8992318026696982 0.2830634633577577 -0.946640809990014 0.0
0.0 0.0 0.0 -1.1882010317945233 0.0
0.0 0.0 0.0 0.14126359730464344 0.0
0.0 0.0 0.0 1.0 0.0
0.0 0.0 0.0 1.0 0.0
-0.03241070332587448 0.006668239838142023 0.05381786393440577 -0.029032141655682516 -0.006975931843226293
7.961535383310029 -0.44531080855809346 -0.32319604825291215 0.06256447509234542 -0.18371939215913546
11.38820661643939 0.11438761348648205 0.42133533528554235 -0.5575097050346103 -0.05451877410295647
-14.492691250582837 -0.2946268376290754 0.17467538767212676 -0.07702002109095356 -0.28293975986144265
-2.3338100040791616 0.5400700862354701 1.2378961822461396 -2.1883093007749697 0.0
-0.08341072313457959 2.7051199508148636 0.24167827361841637 -0.6155965843405447 2.0241932594750014
0.0 0.0 0.0 0.0 -1.0382940298542755
