0.4580770677211552 0.0 0.0 0.0 0.0
1.0 0.0 0.0 0.0 0.0
1.0 0.0 0.0 0.0 0.0
0.29985099820968897 -0.0023385112023315913 0.0 0.0 0.0
9.692835950333569 -0.10812026057543335 0.0 0.0 0.0
-0.3493365869545071 -0.13545004775368394 0.0 0.0 0.0
-0.9212382720614983 0.0 0.0 0.0 0.0
0.0229634040639398 0.22862374885052197 0.0 0.0 0.0
-0.2473183028569889 0.0 0.0 0.0 0.0
1.1287447638473531 0.9214288962835643 0.0 0.0 0.0
0.0 -1.1289783256728274 0.0 0.0 0.0
0.0 -1.1546054044506477 0.0 0.0 0.0
0.0 -1.0 0.0 0.0 0.0
0.0 1.0 0.0 0.0 0.0
0.5592361578872926 -0.052735097071606035 0.004653575675753214 0.0 0.0
9.345303037463339 -0.22218192424997726 0.21418730379689876 0.0 0.0
-0.3838272177841572 -0.47598287365157577 0.009152081281074725 0.0 0.0
0.16256882901098835 0.2764167547341506 -0.31607552018916407 0.0 0.0
-2.2168097507610454 0.0 2.217268456881951 0.0 0.0
-0.026646614541702026 -1.1411086228011658 0.0 0.0 0.0
1.0037415410393535 0.26100600454789646 -0.2773357963962024 0.0 0.0
1.309342049106478 0.7829165529807877 0.0 0.0 0.0
-1.1451306067822624 -2.2230372150835027 1.1305851933589914 0.0 0.0
0.0 0.0 1.2958395605983868 0.0 0.0
0.0 0.0 1.1263601283252243 0.0 0.0
0.0 0.0 1.0 0.0 0.0
0.0 0.0 1.0 0.0 0.0
0.511182824867053 -0.028116017268868605 0.01318206329362051 0.006719493644431337 0.0
-0.8164250951335355 -0.545391269127635 0.2876544777792398 0.25582973870728404 0.0
-0.4837479197315522 0.2631831097131796 0.3195232580024694 0.0005326331180687816 0.0
-0.07083062451891325 0.1676461013992697 0.23470865534472163 0.04011653312749919 0.0
-2.1948290037995744 0.01154045980723 2.2166783891667383 0.0 0.0
-0.03456329367028921 -0.2610406573747338 -0.2450723306694269 0.0 0.0
1.569275073336509 2.1959573538837436 -1.5924450946859852 -2.210906917955165 0.0
0.0 0.0 0.0 0.45149720600651255 0.0
0.0 0.0 0.0 -0.007226234849103896 0.0
0.0 0.0 0.0 -1.0 0.0
0.0 0.0 0.0 1.0 0.0
0.4503347094233867 -0.05616614439787497 0.07006018091105903 0.0622669174820637 -0.0108871453265602
-1.559778798170342 -0.6054785118627944 0.7279239053303206 0.521451075984554 -0.37874703561901696
-0.18371307739101134 -0.30040235198904996 0.28619141659896447 0.5408450009195658 -0.015745800947167904
0.5195365822966769 0.0012693247839012933 -0.36764998968110346 -0.12657595695873797 0.2723799168029074
1.2822866102596084 0.4774645335903047 -0.4920341474615628 -0.9698097215041899 0.0
-1.6742544542045497 -1.4591100190912087 1.6467062446044016 1.5020552274923062 -1.5918550269707707
0.0 0.0 0.0 0.0 -1.7524680051427532
