0.6179780150415892 0.0 0.0 0.0 0.0
1.0 0.0 0.0 0.0 0.0
1.0 0.0 0.0 0.0 0.0
0.359113100555744 -0.004152723414577011 0.0 0.0 0.0
10.0007438683908 -0.19142503987051876 0.0 0.0 0.0
-0.05824069430122783 0.19660320348217308 0.0 0.0 0.0
1.3371454475137865 0.0 0.0 0.0 0.0
-0.04147851751947844 0.40989909573838473 0.0 0.0 0.0
-0.43772280184829976 0.0 0.0 0.0 0.0
1.9869894290520234 -1.3374367583821298 0.0 0.0 0.0
0.0 -1.9874223151056998 0.0 0.0 0.0
0.0 -1.6402930009035588 0.0 0.0 0.0
0.0 -1.0 0.0 0.0 0.0
0.0 1.0 0.0 0.0 0.0
0.6847117736648396 -0.026024491435494047 -0.003982484109650386 0.0 0.0
10.189648782767085 -0.301863925699643 -0.18800288900958415 0.0 0.0
-0.06858162695621031 -0.3836458303064288 0.021294215993828053 0.0 0.0
0.05406034711490121 -0.4141986273991064 -0.12306241900220755 0.0 0.0
2.0396026926220303 0.0 -2.040047041015518 0.0 0.0
0.05701383883025207 -1.9607708194773306 0.0 0.0 0.0
0.3895771152155072 -0.1228220258325396 -0.6452792725402455 0.0 0.0
2.730182822004677 1.6996260992732037 0.0 0.0 0.0
-1.987260252223771 2.0379275694291077 1.982357171915486 0.0 0.0
0.0 0.0 -0.7026102826333886 0.0 0.0
0.0 0.0 0.4879638952042251 0.0 0.0
0.0 0.0 1.0 0.0 0.0
0.0 0.0 1.0 0.0 0.0
0.734362365889316 -0.1121055147915419 -0.07812703768737947 0.014808408974800529 0.0
0.027865016895205486 -0.7954877536236041 -0.4290601967236304 0.49887362953661357 0.0
0.5954439002467442 -0.4720286691587397 -0.7475285609125931 0.025333622410798118 0.0
-0.09888610050463714 0.47839822672776355 0.13681011450759006 -0.34469507051572534 0.0
2.018816173430428 0.004213369598301064 -2.0091689777589683 0.0 0.0
-0.6201486757560319 0.12091303625572886 0.8891371163535498 0.0 0.0
1.592094044392433 -1.9785979163342071 -1.5039221944221512 2.01127607380074 0.0
0.0 0.0 0.0 -0.46314615271648085 0.0
0.0 0.0 0.0 -0.48045284811013733 0.0
0.0 0.0 0.0 -1.0 0.0
0.0 0.0 0.0 1.0 0.0
0.73166182391709 -0.10344223274124797 -0.08760658350006535 0.011347897681348376 0.012550513739257774
0.4332130311512543 -0.9131532404270785 -0.9572111445841538 0.48593254274957787 0.4605598538597705
-0.09421705661760732 0.027186606573514294 0.10205899321345102 0.07688984209769803 0.0006255585649244666
-0.5900520159423918 -0.054231939384629016 0.5114306637639443 0.48382916692338984 -0.08322456486395718
0.009583371657243373 -0.01848116196224403 -0.7482598877192226 -0.7297768939856502 0.0
-1.6153421001922008 2.4009558052011917 1.5501475245482075 -2.416228572048456 -1.5348002576787025
0.0 0.0 0.0 0.0 1.0177147902159818
