0.6882987618323497 0.0 0.0 0.0 0.0
1.0 0.0 0.0 0.0 0.0
1.0 0.0 0.0 0.0 0.0
0.0875239842275689 0.0019670698539400702 0.0 0.0 0.0
2.4106836112346928 0.08426396463887463 0.0 0.0 0.0
-9.566015888623571 0.07991273036421345 0.0 0.0 0.0
0.12593358961282464 0.0 0.0 0.0 0.0
-0.7268211121197254 -0.23777136153314302 0.0 0.0 0.0
0.5839173571111921 0.0 0.0 0.0 0.0
-0.17308039674773504 -0.5436240160830847 0.0 0.0 0.0
0.0 0.7471450680833729 0.0 0.0 0.0
0.0 -0.610365507325707 0.0 0.0 0.0
0.0 -1.0 0.0 0.0 0.0
0.0 1.0 0.0 0.0 0.0
-1.6061907149386347 0.03355279126767806 0.00866479240994732 0.0 0.0
-8.87259307270573 0.09165408362569863 0.28160522604134886 0.0 0.0
-9.504794643147076 0.31705038201611313 0.04380932721676788 0.0 0.0
-4.606074330722897 -0.043264184535560406 0.005723930101767173 0.0 0.0
-0.13362853515156836 0.0 0.5768411840378248 0.0 0.0
-0.1298895719447986 -0.6142401417235599 0.0 0.0 0.0
0.2055143680064917 -0.5296061101632743 -1.327555370205088 0.0 0.0
-1.4858364889421622 -0.21012022037480266 0.0 0.0 0.0
0.34499114160756794 -0.26609104562018376 0.3601461988551468 0.0 0.0
0.0 0.0 1.1204652001209094 0.0 0.0
0.0 0.0 0.357278881811419 0.0 0.0
0.0 0.0 1.0 0.0 0.0
0.0 0.0 1.0 0.0 0.0
-2.1327664982951537 0.05113975698334716 0.03113748691849933 0.003984000975412269 0.0
4.472396683554976 -0.1567550158391584 0.27983542211899953 0.18858241423953076 0.0
-4.522343613156065 0.3792164380476522 0.23792412211650063 0.017933245464500713 0.0
12.373955389822466 -0.24072261175649529 -0.11488225406216057 -0.17773946880114724 0.0
0.26465067444533197 1.1831105481868947 0.06267519945644634 0.0 0.0
0.33135246308522603 -0.4425745942815006 -0.9541380683426992 0.0 0.0
1.925043412232806 1.8080649993623035 -0.9090456871865985 1.09529416418675 0.0
0.0 0.0 0.0 1.6960693149118495 0.0
0.0 0.0 0.0 -0.14650854562180537 0.0
0.0 0.0 0.0 -1.0 0.0
0.0 0.0 0.0 1.0 0.0
0.03969296945231626 -0.008494245411886332 0.024469156606853795 0.03520825194879012 0.0057637295539524755
9.743219012271988 -0.18050105216434761 -0.07362746843771288 0.3958648468498775 0.2669613629281368
12.911026807554425 -0.4196151731426598 0.03921526730915349 0.5133571369267178 0.06877026938834223
-11.83854533062339 0.1604932905704201 -0.4870933643006456 -0.08272714899168529 0.30874160475360063
0.6020123812086828 -1.2233099243953662 -1.643879943675781 1.2921453024009488 0.0
-0.7115656652603057 0.942719893703263 2.589497496976154 -1.0580641775616402 -0.3948797026052191
0.0 0.0 0.0 0.0 1.085040034675417
