-1.6993720118857656 0.0 0.0 0.0 0.0
-1.0 0.0 0.0 0.0 0.0
1.0 0.0 0.0 0.0 0.0
0.10180125499371497 -0.012028492025689948 0.0 0.0 0.0
4.015346260696269 -0.3808787490504728 0.0 0.0 0.0
-8.923980133377736 0.31017964164310013 0.0 0.0 0.0
0.8538243896221014 0.0 0.0 0.0 0.0
0.4538839195828161 2.3681684874694495 0.0 0.0 0.0
0.9713371197447996 0.0 0.0 0.0 0.0
0.20083795820793976 -2.1100655894088445 0.0 0.0 0.0
0.0 -0.4963330514009665 0.0 0.0 0.0
0.0 -0.36096701883201865 0.0 0.0 0.0
0.0 -1.0 0.0 0.0 0.0
0.0 1.0 0.0 0.0 0.0
-1.4629282360270914 0.021492216233298844 0.0035904631415893656 0.0 0.0
-6.297312240247933 -0.05831500777855486 0.025599815812438087 0.0 0.0
-9.600145793155614 0.0816072926359235 0.024903559474807352 0.0 0.0
-7.463296703287015 0.19315326662223264 0.780892854007748 0.0 0.0
1.0202178940263775 0.0 -2.521275683910839 0.0 0.0
-2.584942062377702 -0.527049680320362 0.0 0.0 0.0
1.196076639143416 2.5045585422815915 -0.7546533174184082 0.0 0.0
0.19617918645760163 5.959298402069191 0.0 0.0 0.0
-0.5585283798201099 0.5706770106897103 -3.5943608214377227 0.0 0.0
0.0 0.0 -0.4112100945019943 0.0 0.0
0.0 0.0 -0.9769137120441629 0.0 0.0
0.0 0.0 -1.0 0.0 0.0
0.0 0.0 1.0 0.0 0.0
-2.500138253115347 0.06363314183100643 0.057496179156691016 0.012945739451276861 0.0
0.8884741615715512 0.27698542798261544 -0.24103746184448338 0.33211259387356296 0.0
-7.026621117506311 0.25071368943504874 -0.07243478322380133 -0.023396788304396045 0.0
11.148421266754632 0.9788323538690213 0.5116667159837943 -0.24939202716713516 0.0
1.1837945493528332 -0.4527193819592961 -1.4241955651606832 0.0 0.0
-0.3847117914748823 0.3226375606752985 0.6997537701681082 0.0 0.0
2.7549732889079275 -6.110455427057783 -3.1681443889257404 0.6013936396091181 0.0
0.0 0.0 0.0 1.770647457388824 0.0
0.0 0.0 0.0 -1.2384643356695242 0.0
0.0 0.0 0.0 -1.0 0.0
0.0 0.0 0.0 1.0 0.0
-0.47667468174733507 0.10948071949450494 0.11187996405464529 -0.0471077968951699 -0.03146870147000843
12.016249202809863 -1.3033060933762413 -0.029647245144941412 0.5638353045807403 -0.934613204937186
11.085139542177451 0.004737321298101171 0.10687409029373637 -0.7721166257107694 -0.08807486921658939
-4.164271826476011 0.042821939643599184 -0.38033275824626644 -0.39102983575672634 0.5408696543077754
-2.2553875512026957 -4.892873161995084 7.513494829895778 6.513805600138186 0.0
-2.6950916335024795 -2.3961381075460615 2.643311908921542 -0.5007588504111056 -4.26522450767589
0.0 0.0 0.0 0.0 0.5874167966120831
