0.6810180798167735 0.0 0.0 0.0 0.0
1.0 0.0 0.0 0.0 0.0
1.0 0.0 0.0 0.0 0.0
-0.10206089107031573 0.001821134152331606 0.0 0.0 0.0
-2.655260125912805 0.0014711574688089958 0.0 0.0 0.0
9.411164708887595 -0.03783665423438531 0.0 0.0 0.0
0.07566068160217221 0.0 0.0 0.0 0.0
-1.5558071702311234 -0.7408204716950144 0.0 0.0 0.0
0.028255872408967708 0.0 0.0 0.0 0.0
-0.4784695256484222 0.25739220567609056 0.0 0.0 0.0
0.0 -1.6277189677326986 0.0 0.0 0.0
0.0 1.6362004612327015 0.0 0.0 0.0
0.0 1.0 0.0 0.0 0.0
0.0 1.0 0.0 0.0 0.0
0.9979565639001524 -0.043911745611923486 0.012776159711299449 0.0 0.0
-8.175324513698072 -0.13018630788440164 0.4352148183164156 0.0 0.0
9.229905311895518 -0.5594701004020611 0.06894682722639757 0.0 0.0
-5.227483892355916 -0.10606634879809572 0.09853731375472434 0.0 0.0
0.42808577721872687 0.0 1.4563170735925295 0.0 0.0
-1.9552655439775788 0.6440443139387728 0.0 0.0 0.0
-0.8157416495787624 1.3055778683109835 -2.0892977947393194 0.0 0.0
-3.4540341913140336 -0.18222291933524232 0.0 0.0 0.0
0.5814774682005117 0.7090263783184412 -0.25181446787693973 0.0 0.0
0.0 0.0 1.198924867916439 0.0 0.0
0.0 0.0 0.23141219018219328 0.0 0.0
0.0 0.0 1.0 0.0 0.0
0.0 0.0 1.0 0.0 0.0
0.6596169800836528 -0.12229403901425599 0.06861819562525479 -0.011637729556817692 0.0
11.82166495127096 -0.44308665664106195 0.3153684156819521 -0.39433282711790363 0.0
-4.858592416096916 -0.7528992825469938 0.5817814764084976 -0.03386721004032635 0.0
-2.087371645980461 0.32757822979093115 0.3171673331758129 0.2342302210238521 0.0
1.289271467327591 -1.978310892627707 0.47719244146421463 0.0 0.0
1.29646306938529 0.562689276758791 -1.4741496469667048 0.0 0.0
-1.8355907821134292 -1.5601732126677375 1.1317982261617343 -1.5627369033530265 0.0
0.0 0.0 0.0 -1.0110447957347524 0.0
0.0 0.0 0.0 1.2058903738553006 0.0
0.0 0.0 0.0 1.0 0.0
0.0 0.0 0.0 1.0 0.0
-0.21054213438514147 -0.06810762362582734 0.14817079081130055 0.0023074263126221326 -0.000601344998427253
-14.166096952263555 -0.4401849128817593 0.3923874143067337 0.2413771611292054 -0.08302901164703096
-3.3883319881670566 0.6853624607594718 0.5584541938676194 -0.07517562089293485 0.06523688745581852
17.477100385037232 -0.9641861744227872 0.5693556474479842 -0.4493466246060652 -0.7821719590986942
-2.4578345489101068 1.5349295606071098 -3.6299550456408634 2.733831416621282 0.0
-1.1061993504100178 2.024199897984046 -0.7222131673541616 -0.5840235258449427 2.1109228582900488
0.0 0.0 0.0 0.0 -1.44917632776255
