-1.1036173999858359 0.0 0.0 0.0 0.0
-1.0 0.0 0.0 0.0 0.0
1.0 0.0 0.0 0.0 0.0
0.17124131201936135 -0.004777215209698433 0.0 0.0 0.0
5.04314454321409 -0.17463866773056078 0.0 0.0 0.0
8.407980407975055 -0.1401013215026356 0.0 0.0 0.0
-0.4841787980085397 0.0 0.0 0.0 0.0
-0.7797672365813468 0.781561406779707 0.0 0.0 0.0
0.4238736027104878 0.0 0.0 0.0 0.0
0.4599054973309187 0.9530702143036436 0.0 0.0 0.0
0.0 -0.9052900141506641 0.0 0.0 0.0
0.0 -1.526961099298238 0.0 0.0 0.0
0.0 -1.0 0.0 0.0 0.0
0.0 1.0 0.0 0.0 0.0
1.2822515236293537 -0.05266660398862215 0.0065629275002359955 0.0 0.0
-4.151157339009741 -0.2852198523114204 0.19502258647446813 0.0 0.0
8.633510986807375 -0.4268875502083613 0.014198072835379568 0.0 0.0
9.276166393942189 -0.5316286993901579 -0.6168784784008058 0.0 0.0
0.05933065486143781 0.0 -0.11678801338708922 0.0 0.0
2.2563437628232115 -1.542858148780795 0.0 0.0 0.0
-0.8367117206080503 0.6251807438009231 -0.4302446313751389 0.0 0.0
-1.3534333516736266 4.637357504214614 0.0 0.0 0.0
-3.3730239535530546 1.2898790875345818 3.117582887640922 0.0 0.0
0.0 0.0 -1.069858227690733 0.0 0.0
0.0 0.0 -1.8551623656420895 0.0 0.0
0.0 0.0 -1.0 0.0 0.0
0.0 0.0 1.0 0.0 0.0
2.599690035664852 -0.14608324356953753 -0.08572113088144888 0.028816353280997693 0.0
-0.32196396187117493 -0.8918305021074071 0.023545317010928074 0.977479858915531 0.0
8.963191801723733 -0.4945599645015842 -0.720769492430233 0.042989671062245716 0.0
-10.70002445840294 0.26995399247210833 0.1807147013289152 -0.32133796252231234 0.0
-1.3911246940459576 2.2907677522857894 -0.1320061185992616 0.0 0.0
-7.3758877282050035 1.360264026671503 4.749965451621033 0.0 0.0
5.474878173466079 1.1550362500731506 -2.6451993204766135 1.9274472221647085 0.0
0.0 0.0 0.0 0.041721118984284544 0.0
0.0 0.0 0.0 1.1373353962338957 0.0
0.0 0.0 0.0 1.0 0.0
0.0 0.0 0.0 1.0 0.0
1.4874160095011106 -0.21768548430565302 -0.06400527323293918 0.06189163707096971 0.002299655597238899
11.515203478196256 -0.5582900931612409 -0.11791347743045923 0.4812664033013873 0.16005909541190316
-9.79074149882117 -0.9530785008379491 0.1774256264108259 0.48489547237184244 0.015918128275813632
0.24161065690211814 0.8843150076212506 -0.5753547625257396 0.46808656206839444 0.35892414607873363
2.8516760280464357 -0.19696021614686998 -2.6535367308007367 -0.6453427926867127 0.0
-7.574741226723441 -0.8435059593453882 7.89383651722397 0.9084606963413259 -2.6299812152644324
0.0 0.0 0.0 0.0 -1.5280206161000596
