0.4961597338313375 0.0 0.0 0.0 0.0
1.0 0.0 0.0 0.0 0.0
1.0 0.0 0.0 0.0 0.0
0.20836134509457502 0.004096597367982751 0.0 0.0 0.0
7.3352068261280685 0.13049838941664843 0.0 0.0 0.0
6.2492559749781345 -0.19558656472508631 0.0 0.0 0.0
-1.0166088528975847 0.0 0.0 0.0 0.0
0.12431709117354366 -0.8012261152785207 0.0 0.0 0.0
1.4705574934389862 0.0 0.0 0.0 0.0
-0.14723539527454757 1.330520848469975 0.0 0.0 0.0
0.0 0.19269924955615014 0.0 0.0 0.0
0.0 1.213178551631752 0.0 0.0 0.0
0.0 1.0 0.0 0.0 0.0
0.0 1.0 0.0 0.0 0.0
1.1383282560067758 -0.02254867630548043 0.009580100372683035 0.0 0.0
0.6335251719194073 -0.06608171550974164 0.3749278219915328 0.0 0.0
6.007090190736148 -0.17504115602034476 0.004303734918653462 0.0 0.0
9.63908073436553 0.4288238373962429 -0.09454959184970116 0.0 0.0
-1.95929696732625 0.0 2.564295457334754 0.0 0.0
0.49958339032706306 -0.1125894116502657 0.0 0.0 0.0
2.733254575761236 1.0941869898414107 -0.13041620965616446 0.0 0.0
-0.26657604151980463 0.05568337910652621 0.0 0.0 0.0
2.3416862033437065 -2.4322389723195745 -0.15446196959114167 0.0 0.0
0.0 0.0 1.2337746088647785 0.0 0.0
0.0 0.0 -1.0984274993779048 0.0 0.0
0.0 0.0 -1.0 0.0 0.0
0.0 0.0 1.0 0.0 0.0
2.344006712091577 0.039391851949710135 0.06376004214322106 -0.004702380951015244 0.0
-4.510193483833476 -0.2698425215603527 0.4563990744416431 -0.10551853160371685 0.0
8.771218899347653 0.5210346651329949 0.6451595205398002 -0.021969164007413285 0.0
-5.471276487709314 0.06015010547649999 0.3151593214153766 0.10912752173196605 0.0
-2.7913100874870946 -0.00887148706523903 2.1986209565443438 0.0 0.0
2.0691402618556287 -0.704703805424748 -1.2555059091095702 0.0 0.0
-0.9005596654399471 2.287215242973918 -1.1033825895418001 -2.1269503111131582 0.0
0.0 0.0 0.0 1.2750032075090374 0.0
0.0 0.0 0.0 -0.05187162360134234 0.0
0.0 0.0 0.0 -1.0 0.0
0.0 0.0 0.0 1.0 0.0
1.7410811960465251 0.021567861303619318 0.16589571862399283 0.04373348397043418 -0.02157103483862059
5.418746436932487 -0.34480179629955965 1.562647421381545 0.2715761650116835 -0.7804599268204198
-5.261321237420763 -0.1810247376599766 0.5125439783083134 0.5008815098398159 -0.032757732107897355
-8.801513650652865 0.12295239453328227 -0.43191880645237274 -0.5595593794073667 0.13539963077473577
-1.2869689849355728 1.051412230936983 -0.21707739467340492 -1.2524926157422502 0.0
3.2955057770994376 -3.9236154254766316 -0.1195519076422511 3.43419563235228 -0.7377080887513907
0.0 0.0 0.0 0.0 -0.23425944252602182
