-0.19074626405454165 0.0 0.0 0.0 0.0
-1.0 0.0 0.0 0.0 0.0
1.0 0.0 0.0 0.0 0.0
0.05320036032171709 -0.007513678099533861 0.0 0.0 0.0
2.5542905251640198 -0.2597744238738748 0.0 0.0 0.0
-9.364212275924663 -0.05086155688864598 0.0 0.0 0.0
-0.09590469216624997 0.0 0.0 0.0 0.0
0.9342404440018117 1.3306122884415288 0.0 0.0 0.0
-0.701263687516586 0.0 0.0 0.0 0.0
0.2695166129126181 0.3459969856370475 0.0 0.0 0.0
0.0 -0.9723396586813644 0.0 0.0 0.0
0.0 -1.9672761322199928 0.0 0.0 0.0
0.0 -1.0 0.0 0.0 0.0
0.0 1.0 0.0 0.0 0.0
-1.611668227573954 -0.02610553502335807 -0.005569697643254875 0.0 0.0
-7.984019259354 0.3147297310910704 -0.10063797193412248 0.0 0.0
-9.695833731703328 -0.2725714018430476 -0.045325135238724355 0.0 0.0
-5.3853591698966365 0.33109184589296636 0.1350951699560269 0.0 0.0
-0.5723484026732408 0.0 2.06487104630747 0.0 0.0
-1.9711002751888698 0.4499554662561732 0.0 0.0 0.0
-1.3409137854147164 -1.9441822635733184 1.3734889466280118 0.0 0.0
-1.8322483974276338 1.2806551116211662 0.0 0.0 0.0
3.710702964105808 -0.7102430725059437 -1.3791952934086347 0.0 0.0
0.0 0.0 1.7188740606704225 0.0 0.0
0.0 0.0 -0.805275179929529 0.0 0.0
0.0 0.0 -1.0 0.0 0.0
0.0 0.0 1.0 0.0 0.0
-2.2785761177426984 -0.000279315123689991 0.05682563507489882 0.013386157669497658 0.0
3.8029605817927568 0.17253492782285848 -0.05364635582200069 0.37132239781687193 0.0
-5.249939901457898 -0.11649434416764745 0.7075918338479356 0.0633337212803835 0.0
12.207321111132043 -0.13238347551820198 0.0021725858983500136 0.18214986268914712 0.0
2.307707187830013 -2.1369825562443108 0.28753531948056993 0.0 0.0
-0.957837301241006 -1.3430954133178874 2.899620680435287 0.0 0.0
2.4880728607553886 -0.7657767669282265 0.12004840562637094 -2.1325381974434845 0.0
0.0 0.0 0.0 0.3392333636190239 0.0
0.0 0.0 0.0 -1.2870313810801277 0.0
0.0 0.0 0.0 -1.0 0.0
0.0 0.0 0.0 1.0 0.0
-0.16314327030425702 -0.0037999742085277444 0.07703204398129358 0.014243170711531935 0.0027398083317542463
10.750163700460314 -0.07779480269821414 -0.5131749697346096 -0.1275829007448925 0.046744424741811695
11.866715143502166 0.10105217221784715 0.5248531461445617 -0.16325528174584752 -0.00939425011466778
-9.687158746534251 -0.4556740726263592 0.18085214693855622 -0.2842825277161043 -0.35980549228694025
-1.035946008147481 0.22616825361130177 -0.2719198727213301 -1.625664893919444 0.0
0.5582278828003169 1.9557664598710973 -1.9956499444698306 -0.19923468784557608 1.8973841324532743
0.0 0.0 0.0 0.0 -1.0934549475674897
