0.46636529472272326 0.0 0.0 0.0 0.0
1.0 0.0 0.0 0.0 0.0
1.0 0.0 0.0 0.0 0.0
0.3219369794221894 -0.0021312076626022573 0.0 0.0 0.0
9.790050728606174 -0.09794786252222112 0.0 0.0 0.0
0.6749803273222834 -0.010457390313508941 0.0 0.0 0.0
-0.07089662123575277 0.0 0.0 0.0 0.0
-0.08334258042697192 0.21235536218742873 0.0 0.0 0.0
-0.205768825651144 0.0 0.0 0.0 0.0
1.007644445753251 0.07113870961570709 0.0 0.0 0.0
0.0 -1.0110852163737745 0.0 0.0 0.0
0.0 -0.8421959266885386 0.0 0.0 0.0
0.0 -1.0 0.0 0.0 0.0
0.0 1.0 0.0 0.0 0.0
0.7529100164342661 -0.02611918727108254 -0.0012017338979996564 0.0 0.0
10.093283548135513 -0.05041741278842356 -0.08611579263365893 0.0 0.0
0.7128434850443461 -0.2829444355981701 0.008732525688322872 0.0 0.0
1.5357924449828413 -0.2669523804997202 -0.17555516602056245 0.0 0.0
1.5009237508809952 0.0 -1.5060489062544433 0.0 0.0
0.06535409941232269 -0.974813434567861 0.0 0.0 0.0
-0.991421853792356 -0.7506669190675294 -0.2646219905552382 0.0 0.0
0.786198984198478 0.7374064351135852 0.0 0.0 0.0
-1.1110140124821215 1.449103671763872 1.0106399796268168 0.0 0.0
0.0 0.0 -1.5771876158701503 0.0 0.0
0.0 0.0 -0.8832303748319381 0.0 0.0
0.0 0.0 -1.0 0.0 0.0
0.0 0.0 1.0 0.0 0.0
0.9906635093078165 -0.09345699444417217 -0.07058968768148814 0.012328182444478876 0.0
-0.5255916741837012 -0.9081693098893412 -0.37922239332046304 0.46141494499486824 0.0
1.816922309988563 -0.35740285442604336 -0.6654106388619782 0.03343535103251008 0.0
-0.35533802073036536 0.5271462261651261 0.24586268305620196 -0.34386496800882543 0.0
1.6959528434196034 0.1123389913135719 -1.3564788029033528 0.0 0.0
1.250598199355677 0.7151196588495192 1.7439403729358913 0.0 0.0
3.31273618444953 -1.1393808185748227 -2.5527218377428817 1.412831889957958 0.0
0.0 0.0 0.0 1.650986044571329 0.0
0.0 0.0 0.0 1.7548344594165783 0.0
0.0 0.0 0.0 1.0 0.0
0.0 0.0 0.0 1.0 0.0
0.9307311557115405 -0.1114327886741491 -0.058743376503548786 0.03702515284070144 0.007967300730643232
-0.1254167855360251 -1.213596964931652 -0.7264585875564586 0.6228476395141619 0.3222079528501609
-0.3942235133211851 -0.26736134983290355 0.21493890575234767 0.4379445985042269 -0.013935815405005714
-1.6303746297661088 -0.06350414324639739 0.3876351987063487 0.546688737376284 0.12696916472465947
2.3005481420230414 0.43528721717515095 -1.4097359443133821 -1.8493421427347316 0.0
-3.267769770261836 2.2302662997467593 2.580047147384816 -2.4542974782074816 -2.7022919410939714
0.0 0.0 0.0 0.0 -1.7287689595407807
