0.4713036922876772 0.0 0.0 0.0 0.0
1.0 0.0 0.0 0.0 0.0
1.0 0.0 0.0 0.0 0.0
-0.041293824131058955 0.0008001341646002994 0.0 0.0 0.0
-1.517098746572568 -0.01211825335265505 0.0 0.0 0.0
-9.732871833315896 0.024501055928239493 0.0 0.0 0.0
-0.023064255216151623 0.0 0.0 0.0 0.0
1.0913602350522438 -0.4123213130979623 0.0 0.0 0.0
0.10801348060647017 0.0 0.0 0.0 0.0
-0.15248901291017236 -0.16667384985196934 0.0 0.0 0.0
0.0 -1.101961914819023 0.0 0.0 0.0
0.0 1.1685089571246499 0.0 0.0 0.0
0.0 1.0 0.0 0.0 0.0
0.0 1.0 0.0 0.0 0.0
-1.780023656207957 -0.010561391504098794 -0.0018094157315027397 0.0 0.0
-9.578181586530725 0.2573603570952434 -0.003979914715787319 0.0 0.0
-9.623346078241099 -0.24925119951341076 -0.028193043398616432 0.0 0.0
2.6917643452010354 -0.06638408865886067 0.04913826221729584 0.0 0.0
0.21323396052175558 0.0 1.5409353038399975 0.0 0.0
0.4679526249331972 -0.32710958956008346 0.0 0.0 0.0
0.3191049142922138 -1.5219559853073468 0.8543346484429213 0.0 0.0
-0.3611583764904608 0.8441787775080345 0.0 0.0 0.0
1.401854504242857 0.2429668568278199 -0.25911662328746154 0.0 0.0
0.0 0.0 1.7076091536919669 0.0 0.0
0.0 0.0 -0.12891812644612122 0.0 0.0
0.0 0.0 -1.0 0.0 0.0
0.0 0.0 1.0 0.0 0.0
-0.962718421598504 -0.03600980626095368 0.042042337492270154 0.010961592694350888 0.0
12.620451107833986 0.04042554841940783 0.08195785290151954 0.34049980906884286 0.0
2.84698343701937 -0.301613006277093 0.5076318959258408 0.07095679901014128 0.0
6.613090941455841 -0.262437610395267 -0.12257940561894384 0.07351612639654967 0.0
-0.41881183135440225 -0.3830423681043143 -0.5746084034910471 0.0 0.0
1.4246954484735415 -2.640742650840468 0.059197006803188776 0.0 0.0
1.2720503107278633 -0.49456417496761595 0.6403545125693694 -0.5318854684311107 0.0
0.0 0.0 0.0 0.5115509712405668 0.0
0.0 0.0 0.0 -1.921025432695116 0.0
0.0 0.0 0.0 -1.0 0.0
0.0 0.0 0.0 1.0 0.0
-0.22210871234326923 -0.0730514917755641 0.05654874082023662 0.02626770281099681 0.00025060996346953045
-6.533037804016395 -0.09364788434653049 -0.32868988188005327 -0.010339406217129053 0.039560003854248633
6.544811721358187 -0.22330155012558506 0.5336457053861013 0.182320562223146 -0.007661116707470983
-20.61273553031392 -0.40956967079125567 -0.16475796769124876 -0.13104644990010125 -0.47331990658111744
-5.144421766010161 -0.29419956696453037 0.9450599524794999 -3.2574686709411145 0.0
-3.4562276449648754 2.9627502007970206 1.6902086808565855 -0.5015204497731172 2.755898219900421
0.0 0.0 0.0 0.0 0.28827254722668494
