-0.6400675077301363 0.0 0.0 0.0 0.0
-1.0 0.0 0.0 0.0 0.0
1.0 0.0 0.0 0.0 0.0
-0.03275282574839377 -0.0011573992510547251 0.0 0.0 0.0
-1.0787406011446283 -0.05868325255902978 0.0 0.0 0.0
9.754983136778344 -0.06203540379103655 0.0 0.0 0.0
0.05036859114314656 0.0 0.0 0.0 0.0
-0.7103567804717572 0.07797385439321122 0.0 0.0 0.0
0.4282994207002805 0.0 0.0 0.0 0.0
-0.08539445117195217 0.42200954959888815 0.0 0.0 0.0
0.0 -0.7154711509579958 0.0 0.0 0.0
0.0 1.6776431770210465 0.0 0.0 0.0
0.0 1.0 0.0 0.0 0.0
0.0 1.0 0.0 0.0 0.0
1.094057816791278 -0.023228940342301545 0.0077443258314105375 0.0 0.0
-9.369752680399206 0.08061932283613507 0.2516404564948599 0.0 0.0
9.789935934387016 -0.28683754853640664 0.032846565710809544 0.0 0.0
-2.3191069403217925 -0.0755374583851737 0.19063213486106198 0.0 0.0
0.06135496348523164 0.0 0.5140580651238227 0.0 0.0
-0.3892403876545987 0.13972294444956454 0.0 0.0 0.0
-0.3694652503515225 0.43798867768846445 -0.9953504760851369 0.0 0.0
-3.8351097993342407 -2.373043161415513 0.0 0.0 0.0
1.9511808085927655 0.6635734262571572 -1.1226552694892826 0.0 0.0
0.0 0.0 0.09204851552493443 0.0 0.0
0.0 0.0 -0.8712463716837777 0.0 0.0
0.0 0.0 -1.0 0.0 0.0
0.0 0.0 1.0 0.0 0.0
1.1486694838471878 -0.06400704994499305 0.03651951034757507 -0.01744465874101463 0.0
11.714518696239598 -0.3385266720852952 -0.3484619153305567 -0.5139579052361762 0.0
-2.290070373029305 -0.35872061094246327 0.32685154137248723 -0.05489540712456341 0.0
-6.581240926683858 -0.34769407338686725 0.2416747940695637 0.04212384577635636 0.0
2.060146094173575 0.05624360912290071 -1.0497917063692772 0.0 0.0
0.8178649415964305 2.4930952564675057 0.8617481078143617 0.0 0.0
-2.7509640647952005 -0.5905507344008213 -0.035275901506472966 -0.19162066915040338 0.0
0.0 0.0 0.0 1.567143670059346 0.0
0.0 0.0 0.0 0.5697064102964808 0.0
0.0 0.0 0.0 1.0 0.0
0.0 0.0 0.0 1.0 0.0
0.0568998073481346 -0.11456915871705188 0.1021402444416617 0.006941300295271715 0.00899648074206604
-2.775172549360448 0.589232154683056 -0.13490774007426612 0.2898573930067954 0.2320487655961004
-6.6714052623784745 -0.5311645410458202 0.6435380417700481 0.20562221346469273 0.015728461999363248
20.081407570594706 -1.5564776571702312 -0.18973215379929764 -0.27342598701113546 -0.7018633242121488
4.6170163390459855 1.2446089890745975 -1.3081256689397234 1.2000739077677238 0.0
-0.6263461999018238 2.8152326396474336 0.13382265342561692 -2.0280063197964138 1.5285738699866196
0.0 0.0 0.0 0.0 1.3443837817908868
