-0.3939726757665891 0.0 0.0 0.0 0.0
-1.0 0.0 0.0 0.0 0.0
1.0 0.0 0.0 0.0 0.0
0.2420831050988132 -0.0008763714183066541 0.0 0.0 0.0
7.381190403714478 -0.02975384824095059 0.0 0.0 0.0
-6.470816092494618 0.007958122349790793 0.0 0.0 0.0
0.04072773358158148 0.0 0.0 0.0 0.0
0.06382738595275106 0.15890864660110052 0.0 0.0 0.0
-0.08388273094357046 0.0 0.0 0.0 0.0
0.0728860625574608 -0.05413688673327071 0.0 0.0 0.0
0.0 -0.09688298773619408 0.0 0.0 0.0
0.0 -1.9055627472690868 0.0 0.0 0.0
0.0 -1.0 0.0 0.0 0.0
0.0 1.0 0.0 0.0 0.0
-0.6651357904445953 -0.005810654498246462 -0.005140671232988766 0.0 0.0
1.3725366026155221 -0.09574017112077635 -0.19813881950854634 0.0 0.0
-6.452305236008374 -0.05947019003547363 -0.022466316693819984 0.0 0.0
-10.175687529719207 -0.025288268565770003 0.09901864433957842 0.0 0.0
0.9657133590142762 0.0 -1.2836637381021723 0.0 0.0
-1.8469053575490688 0.7815949829035974 0.0 0.0 0.0
-1.493631775368161 1.1801428482067686 0.6807974755703017 0.0 0.0
0.5833437169680757 -0.11238440028834062 0.0 0.0 0.0
1.3133687920839647 0.6728274710328367 -0.6033271960032145 0.0 0.0
0.0 0.0 -1.2295268513689015 0.0 0.0
0.0 0.0 -1.4248149603435154 0.0 0.0
0.0 0.0 -1.0 0.0 0.0
0.0 0.0 1.0 0.0 0.0
-2.234177565467241 -0.023745946397814972 -0.025462431688998987 -0.009853678695620201 0.0
-4.041707116402504 0.19703864605772148 -0.21213673983388998 -0.3677944979220362 0.0
-9.33890188174095 -0.2999242921296445 -0.31836632867734077 -0.04342104926449918 0.0
5.512018370201364 -0.08269920853824048 -0.01859066729708305 0.11862452887060189 0.0
0.11840438877816056 -0.1309613221390337 0.1269963661708287 0.0 0.0
-4.180183299014092 1.3950972043214187 -0.3465281150809797 0.0 0.0
-3.4457679025423076 -0.55950832620024 1.7261507369690365 -0.20565049960695475 0.0
0.0 0.0 0.0 -1.493587161946273 0.0
0.0 0.0 0.0 -0.6899759018494853 0.0
0.0 0.0 0.0 -1.0 0.0
0.0 0.0 0.0 1.0 0.0
-1.171782964795379 -0.011850774092276707 -0.04393146587225656 -0.04176304930338825 -0.006488618191936659
6.995559130886903 0.12169034516771643 0.4294360039986077 -0.1441468026185947 -0.18749909905323442
5.838442644930307 0.16296505805603018 -0.3933480015608454 -0.4849579933567068 -0.05693870626062672
8.09464661564494 -0.034319134519096114 0.3004183208076485 0.3704876188653795 -0.06601714548762246
-1.6578396004986389 1.1366051764524785 1.0694705167284542 -0.7596021943670619 0.0
4.202408882220466 -0.40421919346008006 -0.2674377517081332 -0.024984584819752013 0.31549063269603617
0.0 0.0 0.0 0.0 0.8120624210930782
