0.16889354100246523 0.0 0.0 0.0 0.0
1.0 0.0 0.0 0.0 0.0
1.0 0.0 0.0 0.0 0.0
0.3666988267840996 -0.004208739150295891 0.0 0.0 0.0
9.869719024564684 -0.18851182665580266 0.0 0.0 0.0
1.998255301975575 0.2700955995787542 0.0 0.0 0.0
1.7904328613024332 0.0 0.0 0.0 0.0
-0.41503346486343784 0.452811383415851 0.0 0.0 0.0
-0.8539556354636674 0.0 0.0 0.0 0.0
1.800489459648683 -1.8373850311479876 0.0 0.0 0.0
0.0 -1.8477053529344327 0.0 0.0 0.0
0.0 0.3553197096308556 0.0 0.0 0.0
0.0 1.0 0.0 0.0 0.0
0.0 1.0 0.0 0.0 0.0
0.9655055324661741 -0.01315874053324393 -0.0067314751573772725 0.0 0.0
9.189216491232482 -0.3266797998599874 -0.21156841114539332 0.0 0.0
2.042829875214472 -0.27633850211438254 -0.002747096141197669 0.0 0.0
4.280492685229778 -0.07273538507673488 -0.04970318552809083 0.0 0.0
0.22395476926452978 0.0 -0.22982774143315954 0.0 0.0
0.12392398351535355 -1.885623366312984 0.0 0.0 0.0
-0.4445924923884968 0.09723417970950084 0.08324533761204841 0.0 0.0
0.5324840647147768 0.29943574358697933 0.0 0.0 0.0
-1.9565963411152496 0.25826831927002925 1.9219237829510072 0.0 0.0
0.0 0.0 1.6075572897148276 0.0 0.0
0.0 0.0 1.0690644237206675 0.0 0.0
0.0 0.0 1.0 0.0 0.0
0.0 0.0 1.0 0.0 0.0
1.5826228724913425 -0.03760646913640667 -0.027830884213314158 0.007367153255637605 0.0
-0.4736064612524231 -0.5049476321648569 -0.27807050331150096 0.28580242292047686 0.0
4.314473199940125 -0.06715799176576548 -0.12815284223402296 -0.005739425987589919 0.0
-0.39146099342151786 0.24452706104287664 0.24178397741476598 -0.05460868403398883 0.0
0.6341671273155342 -0.04828117245859175 -0.32105922001942977 0.0 0.0
1.2106543078847816 -0.03281447893043572 -0.2316606914310208 0.0 0.0
2.2073868167113715 -0.2685839799179468 -1.869326277918323 0.29618633264857985 0.0
0.0 0.0 0.0 -0.026306977865491188 0.0
0.0 0.0 0.0 -0.2461353406954565 0.0
0.0 0.0 0.0 -1.0 0.0
0.0 0.0 0.0 1.0 0.0
1.5491562310342835 -0.05809036031782805 -0.0021123209631256704 0.050607456559319294 0.005430700743281645
0.9711161832902206 -0.6007760088930701 -0.4047799351583242 0.37026383534776086 0.21063991011728603
-0.5101834776701777 -0.28103912784312096 0.27819933371774974 0.49694348834587887 -0.01607625020379383
-4.114509819361259 -0.09670089288165695 -0.02215978958013526 0.2798444392651096 0.2448721622619201
-0.552290551099748 0.48800099398900293 -0.25426815562970645 -0.762014547422768 0.0
-1.75746363462778 1.3551875640644373 1.7649016049068473 -1.3925420333260912 -1.778094799332055
0.0 0.0 0.0 0.0 0.010032476310276817
