-0.18191710712700537 0.0 0.0 0.0 0.0
-1.0 0.0 0.0 0.0 0.0
1.0 0.0 0.0 0.0 0.0
-0.021428297682409104 -0.006737031654421655 0.0 0.0 0.0
-1.4997673867127337 -0.22950615668108723 0.0 0.0 0.0
9.773569933359168 -0.034444668111467 0.0 0.0 0.0
0.03816200878340656 0.0 0.0 0.0 0.0
-0.7580354857403981 1.2163183134131998 0.0 0.0 0.0
0.4292840977067686 0.0 0.0 0.0 0.0
-0.12512775757525588 0.23431747014603405 0.0 0.0 0.0
0.0 -0.768293403171922 0.0 0.0 0.0
0.0 0.6623527060343348 0.0 0.0 0.0
0.0 1.0 0.0 0.0 0.0
0.0 1.0 0.0 0.0 0.0
1.145008240899001 -0.021619397773948966 0.004541368382248717 0.0 0.0
-8.951366645745935 0.2110668497065114 0.09267885030710503 0.0 0.0
10.117828384851427 -0.21778350883330724 0.03196784439129931 0.0 0.0
-2.5498965228479076 -0.17245404160580097 -0.1659067178470373 0.0 0.0
-0.22178387441811165 0.0 -1.3617688908303505 0.0 0.0
0.9707645801818352 0.1672670324283523 0.0 0.0 0.0
0.25953473144612726 -1.2890733275971147 -0.9687225573121002 0.0 0.0
-1.5494478647490193 0.6556890537403623 0.0 0.0 0.0
-2.373230701510971 -0.5520336236193569 0.950748441419978 0.0 0.0
0.0 0.0 -1.5960863609763845 0.0 0.0
0.0 0.0 1.8695799720035793 0.0 0.0
0.0 0.0 1.0 0.0 0.0
0.0 0.0 1.0 0.0 0.0
1.2046990095366454 -0.07335035909251703 -0.05451876443995897 0.00997164975664456 0.0
13.170387654828748 -0.2218873544373962 -0.1727109669738432 0.3402185911756441 0.0
-2.461728321175716 -0.4214592483537103 -0.603045976225266 0.033289037026102954 0.0
-5.0900255300716 0.06447352340904666 0.11604649352487555 0.4791711408186351 0.0
-1.3917734418424834 -1.3912329510165888 -0.41697022350476287 0.0 0.0
-2.0187969033228 -0.47566016040272313 -1.9090692447115865 0.0 0.0
-0.9676924875015738 0.6599420326468528 0.3273294185968627 -1.4875940592196297 0.0
0.0 0.0 0.0 0.20220266248422014 0.0
0.0 0.0 0.0 -0.7082956992111811 0.0
0.0 0.0 0.0 -1.0 0.0
0.0 0.0 0.0 1.0 0.0
0.24403619593966752 -0.05552565508823129 -0.07949898934111713 0.10251319746554773 -0.02174748005809453
-8.435007070787979 -0.25144759865929944 -0.6829367006332472 -0.09770155938751043 -0.6622980000780534
-4.292778563324145 0.2595814310783149 -0.18686736481064165 0.8196738601684447 -0.05229492481619677
20.830487951725736 0.020421604716072444 -0.42004566736232646 0.3943311991057095 -0.20425874551931647
-0.5186567434900813 -0.7924093985832367 1.8486463624543326 -0.11756018560395558 0.0
0.453700035952572 -0.3109657618923809 -0.37456815380756425 -0.32911788592646524 -0.6174692487287282
0.0 0.0 0.0 0.0 0.7700739291223506
