-1.7552268816545276 0.0 0.0 0.0 0.0
-1.0 0.0 0.0 0.0 0.0
1.0 0.0 0.0 0.0 0.0
0.1283405271689417 -0.0037983314694443795 0.0 0.0 0.0
3.694755327649948 -0.11389274982308466 0.0 0.0 0.0
-9.234161108422674 0.44043641544823775 0.0 0.0 0.0
1.0727938679430886 0.0 0.0 0.0 0.0
-0.03418485558409631 0.7912187579317597 0.0 0.0 0.0
2.5142208867568954 0.0 0.0 0.0 0.0
-0.01310921402473485 -2.9961660914846107 0.0 0.0 0.0
0.0 0.03661223625581789 0.0 0.0 0.0
0.0 0.6742635019137184 0.0 0.0 0.0
0.0 1.0 0.0 0.0 0.0
0.0 1.0 0.0 0.0 0.0
-1.492516042333346 0.05341086160719876 0.016206855428791498 0.0 0.0
-7.5144787988615676 -0.3401226924109051 0.37683221920775056 0.0 0.0
-9.525832392598929 0.33806500552712226 0.09439605768056737 0.0 0.0
-6.708738926597245 -0.046202610573280935 0.4617725469949444 0.0 0.0
1.2400072259588601 0.0 -3.463170059628757 0.0 0.0
-1.705392171485793 -2.661097375629121 0.0 0.0 0.0
2.2568332218315397 3.428345678191696 -2.8604865963808273 0.0 0.0
-1.866696474363448 2.699494503461529 0.0 0.0 0.0
-2.9719607171760507 0.7320727617804887 -0.6768193330826519 0.0 0.0
0.0 0.0 -0.46700396814414713 0.0 0.0
0.0 0.0 -0.9384010713006177 0.0 0.0
0.0 0.0 -1.0 0.0 0.0
0.0 0.0 1.0 0.0 0.0
-2.379827004846275 0.08970751763107421 0.0013713578033691162 -0.004632358608638915 0.0
1.5203472687638282 -0.36324915372951894 -0.27116551426095503 -0.21559560934839495 0.0
-6.103397847821525 0.7631862889062391 -0.6396333575711423 -0.08164885757908413 0.0
11.612740250917184 0.5408743729899426 -0.18366542115723108 -0.778357490351512 0.0
1.4461386501084004 3.167164170102063 -0.9807545963728296 0.0 0.0
1.8353850598155796 1.5289723914324278 -3.7339587353421484 0.0 0.0
2.3479307558116895 -3.703590034631268 -0.2111080158322812 3.4297823736654336 0.0
0.0 0.0 0.0 -1.6026081231690328 0.0
0.0 0.0 0.0 1.144802726848725 0.0
0.0 0.0 0.0 1.0 0.0
0.0 0.0 0.0 1.0 0.0
-0.3308015594759368 0.10493892545389688 -0.07023259235709904 -0.15695815878379452 -0.046035914012260704
11.484465558360565 -1.4016714378998234 0.2527889093153247 0.3740304883322156 -1.3098695246259118
11.230996633824773 0.22651035852038962 -0.9572084243231533 -1.335201014936288 -0.09764619732809618
-5.901715765982402 1.1368510576888327 -0.598788395456217 -0.20171972895905935 0.6191887083687414
0.23614561119308952 -0.757205177700212 4.2410810853598235 2.5952304637419408 0.0
-3.141954778772879 -4.8046668382802915 5.0750178842828 1.746612172623335 -2.6935234790881966
0.0 0.0 0.0 0.0 1.478650281192596
