0.030527506352747924 0.0 0.0 0.0 0.0
1.0 0.0 0.0 0.0 0.0
1.0 0.0 0.0 0.0 0.0
0.19299742563142058 -0.007118974363592559 0.0 0.0 0.0
4.839194569684713 -0.23964636714180038 0.0 0.0 0.0
8.711191363731274 0.10372861675884558 0.0 0.0 0.0
0.3360558227202821 0.0 0.0 0.0 0.0
-0.637365107369493 1.3048069700073601 0.0 0.0 0.0
-1.241882928899226 0.0 0.0 0.0 0.0
0.34520340526938414 -0.7056368486996298 0.0 0.0 0.0
0.0 -0.724844584101795 0.0 0.0 0.0
0.0 -0.2964977169092702 0.0 0.0 0.0
0.0 -1.0 0.0 0.0 0.0
0.0 1.0 0.0 0.0 0.0
1.3487116241568309 -0.00418774117157786 -0.006342740893358267 0.0 0.0
-4.461555517069625 0.078210942826495 -0.2618899561819139 0.0 0.0
9.083931520593069 -0.047423536440253045 0.0006926333154685382 0.0 0.0
8.541256117027121 -0.37613227623198087 -0.23248877849960095 0.0 0.0
1.0056800082948374 0.0 -2.111687475339665 0.0 0.0
1.1911320354996535 -0.702784236038339 0.0 0.0 0.0
-1.073458294553028 -1.877338015964517 -0.020988888347532878 0.0 0.0
0.564261815580533 1.3114881667473146 0.0 0.0 0.0
-2.7076400316066493 0.9678220973538116 1.484968157909114 0.0 0.0
0.0 0.0 -1.406050626640035 0.0 0.0
0.0 0.0 -1.395795283853885 0.0 0.0
0.0 0.0 -1.0 0.0 0.0
0.0 0.0 1.0 0.0 0.0
2.642782081390808 -0.07056396868596251 -0.09987029367578638 0.02234912961343064 0.0
0.6441727605580425 -0.3292465213985 -0.4302268844397881 0.7476842372802838 0.0
8.875909286464532 -0.43969717948164544 -0.915934498433877 0.06206239427303833 0.0
-10.917164415498746 -0.06529647774698213 -0.14337108001687734 -0.0160308648886321 0.0
1.2322087700385298 0.7428534629545652 -0.43823645375669595 0.0 0.0
-3.1026915595765194 -1.1003620384656907 1.6974206838648493 0.0 0.0
4.188597902319541 1.2479729446449794 -0.9788997064534328 0.9457617492903563 0.0
0.0 0.0 0.0 0.6495132165800781 0.0
0.0 0.0 0.0 1.2372495113577107 0.0
0.0 0.0 0.0 1.0 0.0
0.0 0.0 0.0 1.0 0.0
1.5076043823226026 -0.1327738492556556 -0.19780975454322375 0.0729986822674296 0.0009321054894591891
13.1515329847769 -0.4564938623759591 -1.331996951084275 0.24858306343784325 0.08843745286140528
-10.522437742553564 -0.5918199631031844 -0.6452002106756023 0.558948063463775 -0.03425584424291054
2.50046113622097 0.07810036443611568 -0.33606853741397413 0.8581691058340863 0.580765194382676
0.30701055442896663 1.1840813942646877 -0.262063600447902 -2.837954953883853 0.0
-5.156753960998002 -0.9867846504022815 2.603825460703834 -0.8893051417940638 -2.6523507280364007
0.0 0.0 0.0 0.0 -1.2224604990161856
