1.7680952034092106 0.0 0.0 0.0 0.0
1.0 0.0 0.0 0.0 0.0
1.0 0.0 0.0 0.0 0.0
0.26873433323229545 -0.012521800613040887 0.0 0.0 0.0
8.5511182508948 -0.3965794232360908 0.0 0.0 0.0
4.55502118476553 -0.29981377551586336 0.0 0.0 0.0
-1.811681808359843 0.0 0.0 0.0 0.0
-0.2384370088252422 2.4647454667678375 0.0 0.0 0.0
-1.2525852845828092 0.0 0.0 0.0 0.0
0.46112048619927254 2.039549493305193 0.0 0.0 0.0
0.0 -0.5191187821396777 0.0 0.0 0.0
0.0 -0.8907873102504449 0.0 0.0 0.0
0.0 -1.0 0.0 0.0 0.0
0.0 1.0 0.0 0.0 0.0
1.1392064600297607 -0.08189975458371258 0.0026916507323136085 0.0 0.0
5.268854236843756 -0.4585816765779813 0.20301986427781704 0.0 0.0
4.851015758418112 -0.47672252225216516 0.0035511549280382027 0.0 0.0
8.729281644416218 0.037253577581317046 -0.900982945041546 0.0 0.0
-3.2692492047482142 0.0 3.680445168828588 0.0 0.0
0.9289368706227524 -0.9600588801560034 0.0 0.0 0.0
1.1163147910781899 0.7359946905223196 -0.10761075539509246 0.0 0.0
1.9015430386783123 3.163041062589099 0.0 0.0 0.0
-1.3777729516723072 -3.7627906223731205 2.145249120424336 0.0 0.0
0.0 0.0 1.6408956755233959 0.0 0.0
0.0 0.0 0.9628251143434583 0.0 0.0
0.0 0.0 1.0 0.0 0.0
0.0 0.0 1.0 0.0 0.0
2.265732173547579 -0.10260571672666267 -0.0486597426803663 0.025087391119784162 0.0
-2.8014652610264186 -1.163624969997235 0.16302844210574619 0.8893780540209579 0.0
7.841053613686734 0.09558846473160983 0.07565460590080238 -0.012765947456185783 0.0
-2.219210062363162 -0.6854152479400997 0.057605597247121915 0.20233676676207574 0.0
-3.049078544965566 0.28494366531894677 3.5055819414869203 0.0 0.0
0.29611769930994436 -0.5779518194035753 -0.7977801477714692 0.0 0.0
3.653389483502016 5.614303567841208 -2.7542837796167383 -3.3218505243567913 0.0
0.0 0.0 0.0 1.7685109006109512 0.0
0.0 0.0 0.0 -0.27496423486677424 0.0
0.0 0.0 0.0 -1.0 0.0
0.0 0.0 0.0 1.0 0.0
2.0656250323131977 -0.29299260081717843 -0.026944408805311834 0.15726365348308297 -0.033707152947046
3.055791177539021 -1.0568955880570154 0.29666142310124477 0.595640122767345 -1.0683005455331644
-1.9740502744620319 -1.4824571377981188 0.19115427333335913 1.328670027377557 -0.11680112366746694
-6.529180832220224 -0.6274152745813609 -0.9933387626857785 0.667546979342097 0.9541015801087275
-0.7948387196087829 3.7905993410069954 -0.5269055624179266 -5.240276545172781 0.0
-3.179161522547887 -3.3660412596339437 2.625468391956973 1.9799523970777486 -2.5794205522750686
0.0 0.0 0.0 0.0 0.20123434689901742
