-0.2661134658067419 0.0 0.0 0.0 0.0
-1.0 0.0 0.0 0.0 0.0
1.0 0.0 0.0 0.0 0.0
0.2893478473965425 0.003571309117360523 0.0 0.0 0.0
8.259932240347228 0.16052311187159674 0.0 0.0 0.0
-5.486497574357524 0.09813366541057471 0.0 0.0 0.0
0.5470853804907908 0.0 0.0 0.0 0.0
-0.9082484925489563 -0.380407244477088 0.0 0.0 0.0
0.6943116972482516 0.0 0.0 0.0 0.0
-1.2988399956960421 -0.6675759551739776 0.0 0.0 0.0
0.0 1.5848976808100725 0.0 0.0 0.0
0.0 0.10869927557263326 0.0 0.0 0.0
0.0 1.0 0.0 0.0 0.0
0.0 1.0 0.0 0.0 0.0
-0.40147724633812365 0.06322421335030429 0.00777488879122012 0.0 0.0
3.3169109843786417 0.3614962146937303 0.27689831634761825 0.0 0.0
-5.4307915419437 0.6036332849943061 0.04180961027765753 0.0 0.0
-9.518863710991821 -0.05502249454605096 0.27025489530320557 0.0 0.0
-1.0255209448044038 0.0 1.251382597108614 0.0 0.0
-0.37142249446101944 0.8725194232586571 0.0 0.0 0.0
0.2541011847529306 -1.1981727704718208 -1.2669578872017437 0.0 0.0
0.11898452925689984 1.715281436306114 0.0 0.0 0.0
1.4477930001593013 -0.6891339705701186 -1.0975231279892614 0.0 0.0
0.0 0.0 1.9189585522825916 0.0 0.0
0.0 0.0 1.9877311414613121 0.0 0.0
0.0 0.0 1.0 0.0 0.0
0.0 0.0 1.0 0.0 0.0
-1.915183969039334 0.05800923946928537 0.07656211837910216 0.010093068577988194 0.0
-3.2734684404335077 -0.34273119954233855 0.05126412296833968 0.2490855535386076 0.0
-9.559579615471042 0.07618132720508641 0.6129413771767692 0.0741185646584929 0.0
3.2627249209980693 -0.7315368367202714 -0.519308436542811 0.2994432807835894 0.0
-2.2664125299661513 -0.4531782754361791 -0.3001996138067943 0.0 0.0
-0.5441673288621957 -0.88325673506836 2.044435530099124 0.0 0.0
-0.4646689627446021 -0.6112172304174863 1.5645826512679153 0.023244286981296658 0.0
0.0 0.0 0.0 -0.6226286729420019 0.0
0.0 0.0 0.0 1.192212556891484 0.0
0.0 0.0 0.0 1.0 0.0
0.0 0.0 0.0 1.0 0.0
-1.257428608901547 0.004249344366678114 0.016494318692517832 0.019127943864873403 0.007726987214364834
4.414536044989056 -0.06802149376566846 -0.5456062007747075 -0.01867772464022239 0.28415799061727404
3.5992588256581985 0.09780900962723174 -0.06440265419997004 -0.19808038514747284 0.02941798970909544
9.600888001832667 -0.0025655742557404715 0.21005144165485934 0.03601991008041002 -0.09112792746615998
-3.82128397816604 -0.4365682301081265 -2.137553703019064 -1.2655575209503604 0.0
-4.858873927360427 2.6851253309606467 -2.7875099602410773 -1.675323540732163 3.1161648621833247
0.0 0.0 0.0 0.0 -0.9988194930947758
