-1.4328753630532738 0.0 0.0 0.0 0.0
-1.0 0.0 0.0 0.0 0.0
1.0 0.0 0.0 0.0 0.0
0.016199099142088894 -0.009618557734608539 0.0 0.0 0.0
1.6354888560252345 -0.29485733928685914 0.0 0.0 0.0
-9.622591834352514 0.2587714256977474 0.0 0.0 0.0
0.28365262570666977 0.0 0.0 0.0 0.0
0.10126204930093706 1.959765671562714 0.0 0.0 0.0
1.421561117585769 0.0 0.0 0.0 0.0
0.01653282566255391 -1.760349834678554 0.0 0.0 0.0
0.0 -0.10260281162333618 0.0 0.0 0.0
0.0 1.8491693787404277 0.0 0.0 0.0
0.0 1.0 0.0 0.0 0.0
0.0 1.0 0.0 0.0 0.0
-1.7342854171752624 0.027500882057730228 0.014627076849560048 0.0 0.0
-9.000804072201515 -0.041700396714005314 0.421733465601411 0.0 0.0
-10.186100302150303 0.22228537594763997 0.06632083872105106 0.0 0.0
-3.641671031602817 -0.10395192938554343 0.026075813134526837 0.0 0.0
0.10503651100362268 0.0 -0.6518571944109162 0.0 0.0
-2.729649969414199 -2.454818606704083 0.0 0.0 0.0
-0.15556131022588485 0.19154009493474478 -2.0097223854863984 0.0 0.0
-4.42666158872958 -1.909751267346989 0.0 0.0 0.0
2.876498530024423 2.8722639043261844 0.3708749002395907 0.0 0.0
0.0 0.0 1.108492640267638 0.0 0.0
0.0 0.0 1.725926179905814 0.0 0.0
0.0 0.0 1.0 0.0 0.0
0.0 0.0 1.0 0.0 0.0
-2.03917727702568 0.06717284557818044 -0.0035403388823785353 -0.008629011313141397 0.0
6.489093712274077 0.23169380647413662 -0.20877142336695115 -0.20014433477494278 0.0
-3.2483266775153554 0.7783116149514423 -0.11650586759652123 -0.0701678526248566 0.0
11.644855227273563 0.4133594366184928 0.21960213798404163 -1.3522530190077564 0.0
3.8451360282203266 5.6634941256144815 0.9413417608623303 0.0 0.0
-2.0693379432523966 1.9557975439547002 -8.884968161612916 0.0 0.0
4.27894320597925 2.0655291761713483 -2.4293071748143897 5.224479699406932 0.0
0.0 0.0 0.0 1.4879389340746965 0.0
0.0 0.0 0.0 0.18758200920172596 0.0
0.0 0.0 0.0 1.0 0.0
0.0 0.0 0.0 1.0 0.0
-0.18248026316456567 -0.0008641666608924758 -0.022878297970392224 -0.1603459238819079 -0.041632666332335776
7.056097985170152 -0.14467454532028792 -0.5225526073928836 0.3425201015734467 -1.1313426378570803
10.494391427416229 -1.2986952107334346 -0.37875380649220725 -0.6588317830933195 -0.06437722088032019
-14.24841922075241 1.6354905731300688 -0.41355934123052884 -0.35006458845918087 1.0404811513001713
2.497637486237287 -4.372504307953259 6.320496052752113 4.7041024246305465 0.0
-0.07647505944597555 -6.345861323940445 8.989799876398125 2.7751470399828677 -4.022506130087654
0.0 0.0 0.0 0.0 1.1511999412404275
