-0.14020125718121346 0.0 0.0 0.0 0.0
-1.0 0.0 0.0 0.0 0.0
1.0 0.0 0.0 0.0 0.0
0.35378077819567044 -0.0004894328022004665 0.0 0.0 0.0
9.621389769254323 0.0377915526630809 0.0 0.0 0.0
2.8671086252503954 0.2364579176667915 0.0 0.0 0.0
1.5519266648965617 0.0 0.0 0.0 0.0
0.41939791246941804 0.4588717465022888 0.0 0.0 0.0
-0.8657771764694328 0.0 0.0 0.0 0.0
-1.5384914681364092 -1.608557263039398 0.0 0.0 0.0
0.0 1.5946318090745053 0.0 0.0 0.0
0.0 -0.1465471288793827 0.0 0.0 0.0
0.0 -1.0 0.0 0.0 0.0
0.0 1.0 0.0 0.0 0.0
1.06614354582834 0.07100854944742108 -0.010031316657964738 0.0 0.0
8.738341254767528 0.1137483695800324 -0.3095027841915038 0.0 0.0
2.9353548996596546 0.7035494658043664 -0.029059066416151108 0.0 0.0
4.5504707158111515 0.038224676923386824 0.4045823122365759 0.0 0.0
0.1614858304987844 0.0 -0.16737853108805378 0.0 0.0
-0.09227824522156455 1.3530088207794724 0.0 0.0 0.0
-0.9928657164216405 0.052430416070594246 0.8805777701863974 0.0 0.0
-0.280452605898982 -1.2348147935806906 0.0 0.0 0.0
1.318803547429015 0.18777896586519938 -1.407413900425702 0.0 0.0
0.0 0.0 1.4411787319513443 0.0 0.0
0.0 0.0 -0.8483229794433025 0.0 0.0
0.0 0.0 -1.0 0.0 0.0
0.0 0.0 1.0 0.0 0.0
1.7151511201043723 0.10901925072483451 0.039946552166050635 -0.012177530799349088 0.0
-0.8324012766170235 0.9125973306597152 -0.1926317154427364 -0.4641795746780916 0.0
4.607429838606956 0.16819001582997034 0.38764012610264864 -0.02967603164169877 0.0
-0.5437268898238665 -0.6902972277407176 -0.4230799976024609 0.3170602328525456 0.0
0.6272137085628429 -0.01785908441182034 -0.4389331617362601 0.0 0.0
1.4476993275233723 0.10884218893660987 -0.8355461174836805 0.0 0.0
-2.338843074736281 -0.7537883349381747 2.7224222581146775 0.42940195416023097 0.0
0.0 0.0 0.0 -1.4763282162207005 0.0
0.0 0.0 0.0 1.489931414089602 0.0
0.0 0.0 0.0 1.0 0.0
0.0 0.0 0.0 1.0 0.0
1.653433801017631 0.10630957120165815 -0.014811332433987565 -0.045613883978802186 0.006775972606520107
0.7724005210125355 1.138994621742223 0.07711497289054925 -0.6305914505683032 0.18661743765280606
-0.6737224545916431 0.18723946181788848 -0.3450746956751791 -0.5291784418495198 0.0039510578594043055
-5.0493755164116205 0.025420913982983323 -0.16136710238710816 -0.23652994631590327 -0.05821372652947465
1.219553753580764 -0.1675110461987984 0.9361009582278457 1.1172799007913423 0.0
2.515196277620851 -0.2462597866495293 -2.8143487066286026 0.5747534437319941 2.993976888762882
0.0 0.0 0.0 0.0 -1.4168587901603251
