-1.4000014581964413 0.0 0.0 0.0 0.0
-1.0 0.0 0.0 0.0 0.0
1.0 0.0 0.0 0.0 0.0
0.2588218356960109 -0.012232010504944093 0.0 0.0 0.0
9.13147335158299 -0.37851439958924293 0.0 0.0 0.0
-2.9390195316880234 -0.17811963062807482 0.0 0.0 0.0
-1.149849910168461 0.0 0.0 0.0 0.0
0.0750032938351832 2.4681603429072707 0.0 0.0 0.0
-2.724353828292198 0.0 0.0 0.0 0.0
0.2256624829262091 1.211698167537924 0.0 0.0 0.0
0.0 -0.23780044214960672 0.0 0.0 0.0
0.0 -1.028464482000739 0.0 0.0 0.0
0.0 -1.0 0.0 0.0 0.0
0.0 1.0 0.0 0.0 0.0
0.09813606392840069 -0.05036398034687357 -0.024141985783216205 0.0 0.0
8.667994362720911 -0.14426016176322487 -0.6785663363290476 0.0 0.0
-3.025228987064169 -0.25093828850739935 -0.11842245325122569 0.0 0.0
-5.542825573428973 0.7414326948304406 -0.0008423182735365353 0.0 0.0
-1.5243415854193454 0.0 1.6063330434872753 0.0 0.0
-0.4299388670964945 1.8816979311342479 0.0 0.0 0.0
-4.3230389700695895 0.08804023901030811 3.58855918943108 0.0 0.0
1.4093980584273886 -3.6860890799284016 0.0 0.0 0.0
1.8172390441339252 -1.72199654482963 -1.593581115176816 0.0 0.0
0.0 0.0 0.39463487594935165 0.0 0.0
0.0 0.0 -1.7761638360797236 0.0 0.0
0.0 0.0 -1.0 0.0 0.0
0.0 0.0 1.0 0.0 0.0
-0.8309609854557162 0.07441917607366275 0.014207122368421844 -0.0217194508642426 0.0
-2.3974483841810397 1.8882667192685991 0.2370619286288167 -0.6494396095051926 0.0
-6.307714405707975 0.3027983313807885 0.5868379555342244 -0.10445044336412894 0.0
0.8189621753642848 -0.4028145483163279 0.39353498000946807 0.4442536548045897 0.0
-4.045754459566136 -0.22266991100351233 3.729444851808579 0.0 0.0
2.572395488880259 1.9607739487348785 -1.6709526105683459 0.0 0.0
-3.202574708076222 5.909411102604519 0.8838371351646312 -3.8414949181134843 0.0
0.0 0.0 0.0 1.857992272726169 0.0
0.0 0.0 0.0 1.7331355176732681 0.0
0.0 0.0 0.0 1.0 0.0
0.0 0.0 0.0 1.0 0.0
-0.6935108212642014 0.04730088995259815 0.05835913675703271 0.032520261413196916 0.0032540935654941008
-0.5764707276791015 1.6301273569556647 1.0921536598918715 -0.50907966616489 -0.08270972165718238
1.2650681266546284 -0.7050334980047832 -0.2515194698065 0.5364513487164757 0.028636414322511874
6.580346878944073 -0.0731603238652552 -1.375479465523522 -0.817844341757531 0.44258492398017735
1.087083401665445 -1.3941541394447867 3.3129658490512597 4.805844000699491 0.0
1.7535485958376706 -7.99910909590799 0.8042905103301712 5.935688946333589 -1.239274673156673
0.0 0.0 0.0 0.0 1.4439711375095543
