1.3676244198289251 0.0 0.0 0.0 0.0
1.0 0.0 0.0 0.0 0.0
1.0 0.0 0.0 0.0 0.0
0.1837490664358743 -0.0033250234209709012 0.0 0.0 0.0
5.187465560178776 -0.13206920370505182 0.0 0.0 0.0
-8.471036582120849 0.2803474774446605 0.0 0.0 0.0
1.0033723677155926 0.0 0.0 0.0 0.0
0.8068841017760797 0.47243106981552097 0.0 0.0 0.0
1.3732879657749457 0.0 0.0 0.0 0.0
0.4991886275050503 -1.9071256969024524 0.0 0.0 0.0
0.0 -0.9488157036692462 0.0 0.0 0.0
0.0 1.6763525339573526 0.0 0.0 0.0
0.0 1.0 0.0 0.0 0.0
0.0 1.0 0.0 0.0 0.0
-1.2248609872039082 0.021962410196483418 -0.005979908286393465 0.0 0.0
-4.701223048112704 0.18134388221028735 -0.26744511349127614 0.0 0.0
-8.646065314847188 -0.04411311242643051 -0.02999551901134985 0.0 0.0
-8.846660609861 -0.264391999253884 0.6866541275849586 0.0 0.0
1.374853209435052 0.0 -2.6132051963440275 0.0 0.0
-1.7920592380037017 1.2902067394504226 0.0 0.0 0.0
1.7245759678318384 1.3790537270403826 0.9089551215560574 0.0 0.0
-1.1385867104292946 4.255372697829954 0.0 0.0 0.0
-2.1457977501552064 2.737870063643484 -2.6890905892600427 0.0 0.0
0.0 0.0 -0.7060794994415751 0.0 0.0
0.0 0.0 -0.452407951466379 0.0 0.0
0.0 0.0 -1.0 0.0 0.0
0.0 0.0 1.0 0.0 0.0
-2.5191100594304903 -0.05785412267146853 0.04236389920412656 0.009284048885572556 0.0
-1.6392074058808976 0.23178384803693491 0.01857869154768102 0.22701024173087891 0.0
-7.9547185577834805 -0.9907560812928882 -0.09011416789454628 0.016909763869905736 0.0
11.014838708360173 -0.6323414956637962 -0.08890550770437802 0.23196452242198323 0.0
2.9480942434109867 -2.5142742826061255 -2.9947704336600545 0.0 0.0
2.002148307940363 -1.9358437311408265 1.6233562330279412 0.0 0.0
0.8564386790080465 -2.241606436080729 2.7133009028787973 0.49884762052381765 0.0
0.0 0.0 0.0 1.0428914079436487 0.0
0.0 0.0 0.0 -1.6953594968793775 0.0
0.0 0.0 0.0 -1.0 0.0
0.0 0.0 0.0 1.0 0.0
-0.6002862835571179 -0.06969512647510318 0.033778713370252476 -0.0007092850075587074 0.003449359139867018
11.32199402321941 0.5688816916254588 -0.10288524599459874 -0.3464259495489414 0.09384325814664833
9.86707956093073 0.31026031116072295 0.0839019662853142 -0.28093331346089456 0.0033016505849260344
0.8235869723412819 -0.6552352785584874 0.592722280850823 -0.06454313869130356 -0.7926280826681756
-5.331042893198215 2.245595273244904 -3.610746123702145 -3.4567283972872502 0.0
0.2222674229501731 2.111227948756416 -3.930796829593261 -0.8010144461408457 3.0948661401948208
0.0 0.0 0.0 0.0 -1.51412023177184
