1.7254919698343918 0.0 0.0 0.0 0.0
1.0 0.0 0.0 0.0 0.0
1.0 0.0 0.0 0.0 0.0
0.27283160490527447 -0.00532571608713602 0.0 0.0 0.0
7.326280133648753 -0.16051395327665438 0.0 0.0 0.0
-6.890166502009968 0.4607870942346155 0.0 0.0 0.0
2.2462440668375097 0.0 0.0 0.0 0.0
-0.018417575526123817 1.103787201843423 0.0 0.0 0.0
1.3953850393678142 0.0 0.0 0.0 0.0
-0.018922083866555243 -3.134606083228677 0.0 0.0 0.0
0.0 0.026405536277709363 0.0 0.0 0.0
0.0 -0.7365322568018673 0.0 0.0 0.0
0.0 -1.0 0.0 0.0 0.0
0.0 1.0 0.0 0.0 0.0
-0.7472990658271899 0.06782904505876845 -0.001766269254024985 0.0 0.0
0.35044741308291805 0.1255041287180777 -0.21024884518815523 0.0 0.0
-7.180487154442457 0.48077039513964615 0.05235769709686869 0.0 0.0
-10.805803312763533 -0.9174859500286316 0.7386254499287882 0.0 0.0
3.403296527157978 0.0 -4.749258620003797 0.0 0.0
-1.3788420495064058 -0.6490585971482339 0.0 0.0 0.0
1.938668031834802 -0.37030524967830614 -1.5865968817232927 0.0 0.0
0.8238863203225082 4.217030968609059 0.0 0.0 0.0
0.21607728410553984 6.987964254831111 -1.3904941623544151 0.0 0.0
0.0 0.0 -1.6146525367751194 0.0 0.0
0.0 0.0 -1.7420266355217722 0.0 0.0
0.0 0.0 -1.0 0.0 0.0
0.0 0.0 1.0 0.0 0.0
-2.3646536485178915 -0.08342937213423798 -0.03410329196405171 0.021246477794581806 0.0
-3.5164765367008624 -0.9282828845909032 -1.4359002130888467 0.5326641634244306 0.0
-9.608314355285762 -0.7496437115377987 -0.7934793954918011 0.0635885953910173 0.0
6.258255471225928 1.1882989274011315 -0.010022236295680692 -0.8137766515185982 0.0
1.9674050405993713 -0.37284804800813265 -8.35305114971118 0.0 0.0
-1.1265804850376537 -7.809253808815425 -3.2240039336178103 0.0 0.0
-3.184760341023263 -12.455699339825824 0.6949341880439472 7.663428388257052 0.0
0.0 0.0 0.0 -1.9782481715075027 0.0
0.0 0.0 0.0 0.06116317073669286 0.0
0.0 0.0 0.0 1.0 0.0
0.0 0.0 0.0 1.0 0.0
-1.1866360797999782 0.10902524215216146 0.02817350160288346 -0.1575366750500221 -0.012662114466841028
8.166716527162329 -0.5453020075346091 -0.49657346158794163 0.4028721070584797 -0.11846983501599972
6.1216140223829765 1.6418725046253106 1.3081608598848506 -1.6996722600421852 -0.16284002749573262
6.85304757749174 -0.7726560821143048 2.483163803895638 0.8598717412201798 -1.6763749174719933
-3.023057693528744 6.612646423490526 -0.39560372835086177 -9.753324840138909 0.0
2.1486822232604785 15.103711172518288 0.1935729732779008 -8.133273722650536 4.2987267177513315
0.0 0.0 0.0 0.0 -0.4052187697950589
