0.6398128124920026 0.0 0.0 0.0 0.0
1.0 0.0 0.0 0.0 0.0
1.0 0.0 0.0 0.0 0.0
0.1203945768552451 -0.010610202821043581 0.0 0.0 0.0
2.4281061843462037 -0.37541529782241584 0.0 0.0 0.0
9.651691970123215 -0.0007479041536399991 0.0 0.0 0.0
-0.0011301248363413258 0.0 0.0 0.0 0.0
-1.5923523819444276 1.820593859811882 0.0 0.0 0.0
-0.3994390727528687 0.0 0.0 0.0 0.0
0.36276408923910747 0.0050877833580952325 0.0 0.0 0.0
0.0 -1.6331515216677146 0.0 0.0 0.0
0.0 -1.8987920322786036 0.0 0.0 0.0
0.0 -1.0 0.0 0.0 0.0
0.0 1.0 0.0 0.0 0.0
1.3077166479416413 -0.05273467360062792 0.010612698751388868 0.0 0.0
-8.092130156309135 -0.1901840722780116 0.37079837422705236 0.0 0.0
10.1533023602707 -0.5275452618248241 0.06094997493367286 0.0 0.0
4.395264933644738 -0.3384908448196569 -0.2269570044616065 0.0 0.0
-0.33117817119200643 0.0 1.4909527989934477 0.0 0.0
2.8975234096789486 0.41109573196256655 0.0 0.0 0.0
0.6143199032601488 1.4136609182083646 -1.8469689373840248 0.0 0.0
-4.26671924337816 0.504135808296072 0.0 0.0 0.0
0.6642708426332797 -0.5069561941089347 1.0420120979717948 0.0 0.0
0.0 0.0 1.4858650156353526 0.0 0.0
0.0 0.0 -0.1396541761839285 0.0 0.0
0.0 0.0 -1.0 0.0 0.0
0.0 0.0 1.0 0.0 0.0
2.081303500879331 -0.17092343541599506 0.0053874702196838944 -0.0022131141540341157 0.0
4.766878807662302 -0.8378526777930754 -0.13804305551097387 -0.036837724657634366 0.0
3.944374099411555 -0.9186258105602942 0.18222120237427258 -0.06837236815088753 0.0
-11.481138281614925 -0.5035241429126156 0.5669431739041803 0.8056543975762858 0.0
-2.205516364247563 -2.870800084187655 -0.43606328977404507 0.0 0.0
3.0425480178866406 2.1625143117829273 -3.584856259051211 0.0 0.0
-5.225834549509564 0.41641580307750536 -0.24459903793414606 -2.551203447739217 0.0
0.0 0.0 0.0 -0.12606238233156075 0.0
0.0 0.0 0.0 -1.095967456831076 0.0
0.0 0.0 0.0 -1.0 0.0
0.0 0.0 0.0 1.0 0.0
0.7258261250593474 -0.2718218188994644 0.1448064569036927 0.13888742767250234 -0.03646979661672093
9.068438391546321 -1.2459926341196335 0.503503066797843 0.06198761979674005 -1.1908114632552755
-10.972035512392306 -0.3998778438023325 1.1691171875238975 1.15849152141687 -0.05783705687570294
12.34884084280639 -1.057383156197878 0.043677644988310976 -0.08277732695703954 -0.7404438951391265
0.4510964074601278 0.14715573928625003 2.3323247473986557 1.0314723174890448 0.0
0.820446693857458 0.7539455292681942 -3.232235945479787 0.5737120689538734 1.6824170508333456
0.0 0.0 0.0 0.0 1.60274283087369
