-1.383732738171124 0.0 0.0 0.0 0.0
-1.0 0.0 0.0 0.0 0.0
1.0 0.0 0.0 0.0 0.0
0.11488600611823789 -0.005630996398383424 0.0 0.0 0.0
3.9189178981947825 -0.1510393039240698 0.0 0.0 0.0
-9.009004303290848 0.22587264731660353 0.0 0.0 0.0
0.5877746619884767 0.0 0.0 0.0 0.0
-0.5486810142672215 1.2941034358426193 0.0 0.0 0.0
0.9246516756328553 0.0 0.0 0.0 0.0
-0.22716379245375437 -1.5365486212013846 0.0 0.0 0.0
0.0 0.593846987042352 0.0 0.0 0.0
0.0 0.22135033777498192 0.0 0.0 0.0
0.0 1.0 0.0 0.0 0.0
0.0 1.0 0.0 0.0 0.0
-1.456623634710656 0.04737376177561925 0.011164620149799066 0.0 0.0
-6.766434248711459 0.18070482699863055 0.3361841695630545 0.0 0.0
-9.38318677203151 0.4040665369633241 0.059576618037631035 0.0 0.0
-7.263752702773533 0.017741881423990524 0.4478169243124084 0.0 0.0
0.02477923269528315 0.0 -0.0647773684281614 0.0 0.0
-1.8096602538686273 -0.9235814366473549 0.0 0.0 0.0
0.6864555690455415 -0.10917804412936838 -1.805352061746396 0.0 0.0
-0.7337519129291535 3.402878899076489 0.0 0.0 0.0
0.7049031749649062 0.43304332964169717 -1.8165761172645039 0.0 0.0
0.0 0.0 1.4717712527732232 0.0 0.0
0.0 0.0 -0.20998527916892318 0.0 0.0
0.0 0.0 -1.0 0.0 0.0
0.0 0.0 1.0 0.0 0.0
-2.4625741148063827 0.08433022603599517 0.0694233361610105 0.015782471939088334 0.0
1.4473921935003986 -0.018823577662593016 -0.22785516460146144 0.45502678381316125 0.0
-7.0150891270806905 0.5387384630186772 0.35868322978981293 0.038397670599627697 0.0
11.693701193780527 0.7054438721297919 0.2203554377913279 -0.41647581585297144 0.0
0.9368028321709354 1.2884296444649865 -1.2384047047748072 0.0 0.0
-0.20879420332040532 -2.2416772239551577 -1.391263246217403 0.0 0.0
1.3579593191338564 -4.562225204682678 -3.2897840488763688 1.950471753331412 0.0
0.0 0.0 0.0 1.112638492605158 0.0
0.0 0.0 0.0 -1.5178724850985383 0.0
0.0 0.0 0.0 -1.0 0.0
0.0 0.0 0.0 1.0 0.0
-0.37956966210450993 0.09669774223965077 0.12262139577165508 -0.05502109375237485 -0.028301335064625045
11.965131235061765 -0.904684912767333 -0.23374312986565587 0.24949818638658863 -0.8409533292175596
11.269167715337723 -0.3410935914927552 0.5432966218297108 -0.6368727678010998 -0.06325668274848643
-5.976959070716802 -0.4714494678684298 0.14629127794917013 -0.20612331402478948 0.4135064259786126
-3.572429151953009 -3.9838611380254427 6.041094111371858 3.7645341734885154 0.0
1.6939680313868202 2.440802012876952 1.2072805667034787 -2.303649156472801 -2.1161567125297234
0.0 0.0 0.0 0.0 -1.2657143342870922
