-0.25056144873991215 0.0 0.0 0.0 0.0
-1.0 0.0 0.0 0.0 0.0
1.0 0.0 0.0 0.0 0.0
-0.015411569431889503 -0.005541081990536158 0.0 0.0 0.0
0.34438265566709597 -0.16220852270413386 0.0 0.0 0.0
-9.73563237287549 0.0035837980932315228 0.0 0.0 0.0
0.0007929591590651133 0.0 0.0 0.0 0.0
-0.17272834262175718 1.1810518927717788 0.0 0.0 0.0
-0.01404768011954928 0.0 0.0 0.0 0.0
-0.005621058050884322 -0.024379578865520564 0.0 0.0 0.0
0.0 0.172819780807842 0.0 0.0 0.0
0.0 0.8519782668733784 0.0 0.0 0.0
0.0 1.0 0.0 0.0 0.0
0.0 1.0 0.0 0.0 0.0
-1.7857787098468358 0.009126729789454578 0.0032086914991619085 0.0 0.0
-9.548751596939152 0.3140981413414511 0.16180818295502622 0.0 0.0
-10.080631720789842 0.11898254269922363 0.0067310736537864145 0.0 0.0
-0.8801531018719984 0.1383674391757497 0.10552893868792748 0.0 0.0
-0.06364668909671695 0.0 1.9568214309953675 0.0 0.0
-1.210428805302461 -0.037917495446425635 0.0 0.0 0.0
-0.062005790540022684 -1.957264516620805 -0.20397192890261823 0.0 0.0
-0.8825285297153157 0.7719059982765044 0.0 0.0 0.0
2.1409308526360116 -0.018216278055451257 -0.9747290074952685 0.0 0.0
0.0 0.0 1.981201009860888 0.0 0.0
0.0 0.0 0.17326078415982904 0.0 0.0
0.0 0.0 1.0 0.0 0.0
0.0 0.0 1.0 0.0 0.0
-1.59710252131475 0.029179731030801445 0.051218692623695154 0.010153872827707373 0.0
9.614159729613714 -0.13569589459454706 -0.2898864389094138 0.24746975064418072 0.0
-0.8320639378260819 0.1959730681314637 0.6207158596365565 0.05783882178931457 0.0
10.017598167768849 -0.0003242521052264913 -0.16836058158738454 -0.16862565821961836 0.0
0.1977733165590709 0.20595319876867918 0.20335599720873934 0.0 0.0
0.6064525841730154 -1.551211460681821 -0.1945094326686352 0.0 0.0
0.9058243954323277 -1.6152466756757962 0.12726039025499386 0.19252099819881818 0.0
0.0 0.0 0.0 -0.8502214575638876 0.0
0.0 0.0 0.0 0.5491537885566662 0.0
0.0 0.0 0.0 1.0 0.0
0.0 0.0 0.0 1.0 0.0
-0.088373190553936 0.013603487901287712 0.04669951979594524 -0.047299983028318594 -0.011628643900736398
2.2876207357846825 -0.49478299634071987 -0.47237846132704864 0.20476811805033673 -0.2905771273959912
9.550105941309731 -0.020674664895610373 0.3507158728014724 -0.6432998473551448 -0.05996244857614859
-19.230199897310932 0.07811549936770001 0.02233544550546508 -0.18490385380723487 -0.159861480240784
-2.024232349988758 0.1472740437810558 1.7994172533736668 -2.0100267761222037 0.0
-0.12345774032081341 1.857883183781396 1.8651226251964799 0.020958784801300718 1.8807258240416207
0.0 0.0 0.0 0.0 -0.5100915254219278
