1.6950487847306657 0.0 0.0 0.0 0.0
1.0 0.0 0.0 0.0 0.0
1.0 0.0 0.0 0.0 0.0
0.01172022861196693 0.0002930206329779168 0.0 0.0 0.0
0.013429746649900237 -0.04832282257428532 0.0 0.0 0.0
-9.949569559534728 0.4235630631998421 0.0 0.0 0.0
0.049748804279870544 0.0 0.0 0.0 0.0
1.733142697886197 -0.4495350259549061 0.0 0.0 0.0
2.8887133745821245 0.0 0.0 0.0 0.0
0.02992822528786605 -2.8813813823118513 0.0 0.0 0.0
0.0 -1.7334010816614622 0.0 0.0 0.0
0.0 -0.8741698207617534 0.0 0.0 0.0
0.0 -1.0 0.0 0.0 0.0
0.0 1.0 0.0 0.0 0.0
-1.768446152773554 0.020895195272248195 0.013924954863064151 0.0 0.0
-9.902900156074985 -0.22411608181948275 0.34656391576912293 0.0 0.0
-9.820007397580682 -0.1626360526287905 0.038693693818776104 0.0 0.0
-0.025442537088047057 0.3670181378559866 -0.15648429787454848 0.0 0.0
0.03945160962610324 0.0 -2.2849822246860385 0.0 0.0
0.41647618949139575 -2.930485787473788 0.0 0.0 0.0
0.07822530866821104 2.320581752126144 -1.1725361763265445 0.0 0.0
-1.9177476327246064 -3.272498291697308 0.0 0.0 0.0
-3.390664441175935 -2.041840373413845 1.9113358741900808 0.0 0.0
0.0 0.0 0.5963991576258132 0.0 0.0
0.0 0.0 1.2573146396548283 0.0 0.0
0.0 0.0 1.0 0.0 0.0
0.0 0.0 1.0 0.0 0.0
-1.4935597303001908 0.09069326956278301 -0.05086904212059643 -0.030127082947327546 0.0
8.425529513960257 -0.32694868129447036 0.2787669507900256 -0.8497077843308507 0.0
-0.16545610124702798 0.6503060324009333 -0.7649749880892982 -0.12315809170491145 0.0
9.969055304845515 -0.1972698855999251 -0.4069010625079451 -0.26688601103803744 0.0
-1.0771895460818528 -0.7938310939502563 1.4820327630233265 0.0 0.0
-0.6621808262640938 5.283330423081821 2.8111153646140488 0.0 0.0
-0.14221691455995486 3.4018517097280605 0.08867856821678988 -0.8447556676015209 0.0
0.0 0.0 0.0 0.004849676231850619 0.0
0.0 0.0 0.0 -1.7814815933116201 0.0
0.0 0.0 0.0 -1.0 0.0
0.0 0.0 0.0 1.0 0.0
0.06018526518627887 0.1264084391860463 -0.17875188373581397 -0.03656854519121849 0.010521467272850344
0.55063508191542 0.608956747114154 0.3453270439385323 -0.32691321984425115 0.25822460370758055
10.908735329224179 0.6059504323950633 -1.5787460386774674 0.2369780199194683 0.12902433426846374
-18.521217600919833 1.695960816324809 0.15366918926453066 0.3717412868171161 1.4751123417166576
6.354476136311003 1.944180432931107 -5.905279108635644 3.6945906969768205 0.0
2.442132985137052 -5.783404965441918 -3.763689631457602 1.969382454193593 -3.67833641949258
0.0 0.0 0.0 0.0 -0.27745220932778913
