-1.7797597432821441 0.0 0.0 0.0 0.0
-1.0 0.0 0.0 0.0 0.0
1.0 0.0 0.0 0.0 0.0
0.0046833657004317275 0.0038741409546199966 0.0 0.0 0.0
0.9152710517339848 0.11792800383406418 0.0 0.0 0.0
9.589826210565477 -0.48092983049628224 0.0 0.0 0.0
-0.3507400208996838 0.0 0.0 0.0 0.0
0.0159618113372709 -0.7950232493745361 0.0 0.0 0.0
3.338007995004269 0.0 0.0 0.0 0.0
-0.0017211284780249319 3.2716314999747094 0.0 0.0 0.0
0.0 0.01605433600011219 0.0 0.0 0.0
0.0 -0.9512379258875958 0.0 0.0 0.0
0.0 -1.0 0.0 0.0 0.0
0.0 1.0 0.0 0.0 0.0
1.0671291279149986 -0.06353420306140228 0.03770407670620254 0.0 0.0
-10.027254653153541 0.18156438025114913 1.2378291764104583 0.0 0.0
9.331570196665078 -0.5615310293751313 0.09962407646657565 0.0 0.0
1.9942884026347916 0.28001426984406436 -0.14942943373553808 0.0 0.0
-0.3095388185766519 0.0 2.8873150737764695 0.0 0.0
-0.35286712646555923 2.800919768579568 0.0 0.0 0.0
0.7838259175574249 2.5854901109964277 -3.018911408078046 0.0 0.0
-4.096129058884 3.870661522681194 0.0 0.0 0.0
4.135996388204225 -2.9543529326332507 1.2286796633384236 0.0 0.0
0.0 0.0 -0.3843164261982399 0.0 0.0
0.0 0.0 1.3038635549126631 0.0 0.0
0.0 0.0 1.0 0.0 0.0
0.0 0.0 1.0 0.0 0.0
1.5368948877414315 -0.06429758300153116 0.10112484599770037 -0.010590203959308936 0.0
5.806087055305731 0.5259652317050961 0.7923977643942832 -0.3017588199899241 0.0
1.6374326778831514 -0.31676113537773676 0.6646539735461585 -0.008337374923963194 0.0
-10.982812511766074 0.368262932963239 0.7159930882028543 1.345495683870736 0.0
0.7356017684471445 -5.184146656848444 2.8964385708218794 0.0 0.0
0.4621559206480583 -3.121261752271066 -7.901427801863882 0.0 0.0
-4.0903663331145 4.418777779477608 4.3615324427667295 -5.739218365212712 0.0
0.0 0.0 0.0 -0.6481811329055613 0.0
0.0 0.0 0.0 -0.8426794478781674 0.0
0.0 0.0 0.0 -1.0 0.0
0.0 0.0 0.0 1.0 0.0
0.016603552351913464 0.06682193016754409 0.27604109424607653 0.17476899315896194 -0.08847687073045622
5.00642731151753 -2.0896276709667343 2.394446808370163 -0.8670043305049864 -2.836922127772417
-11.727094688056301 2.090623557926913 0.7423338792637613 1.6560744985063365 -0.1153487449060511
14.201608220684406 1.809760365393643 -0.07885840904063827 -1.0366691163964943 -1.86917475274977
8.233154828546954 -7.1033668740532425 7.6314329662177665 7.782096479762472 0.0
1.0060624602450865 -1.8407548636351851 -7.104687671661523 4.720128189855375 4.352408945721312
0.0 0.0 0.0 0.0 -1.0922904345651085
