0.6407689559538978 0.0 0.0 0.0 0.0
1.0 0.0 0.0 0.0 0.0
1.0 0.0 0.0 0.0 0.0
0.08423955160660708 -0.005535667747861384 0.0 0.0 0.0
2.0899445326411024 -0.22740640732732614 0.0 0.0 0.0
9.638384290082207 -0.0408537634875685 0.0 0.0 0.0
-0.051998983270217645 0.0 0.0 0.0 0.0
-1.7759195370401941 0.7352966509835099 0.0 0.0 0.0
0.1354328383847723 0.0 0.0 0.0 0.0
0.3382528127902019 0.27791675841883334 0.0 0.0 0.0
0.0 -1.807845448981063 0.0 0.0 0.0
0.0 1.4085707630249398 0.0 0.0 0.0
0.0 1.0 0.0 0.0 0.0
0.0 1.0 0.0 0.0 0.0
1.2263892451735103 -0.05686613884424363 0.011583159856058746 0.0 0.0
-8.753539787771945 -0.1947928090880139 0.3763575018816034 0.0 0.0
9.836768153266824 -0.5982676478397468 0.061567501089170376 0.0 0.0
3.958331495285492 -0.3438666884912972 -0.33179783927908296 0.0 0.0
-0.14374398161804008 0.0 0.768262356321546 0.0 0.0
1.4609293221555746 -0.15512134364238864 0.0 0.0 0.0
0.4235072410104199 0.7850703742953294 -1.865681851186981 0.0 0.0
-3.599686877926416 3.3236530480564794 0.0 0.0 0.0
0.012349020812462363 0.015734418050382577 2.02265866701496 0.0 0.0
0.0 0.0 0.4903455979027127 0.0 0.0
0.0 0.0 0.37324983526791966 0.0 0.0
0.0 0.0 1.0 0.0 0.0
0.0 0.0 1.0 0.0 0.0
1.980797344241807 -0.16158172457399264 -0.026814980167284445 0.017340612909297698 0.0
5.801770436872479 -0.595230260609161 -0.14888321584264938 0.6338345594172823 0.0
3.705719370912719 -0.8399062968790303 -0.21719030506717468 0.016800558199958168 0.0
-11.336403437006972 -0.5134644424130026 0.3109098564337863 0.4621098643652755 0.0
-1.6154578272916682 -1.2434312233785074 1.2048602243001165 0.0 0.0
1.4365688438784279 -1.5180506546593784 -1.0081837075618925 0.0 0.0
-3.9232678341094513 4.660179335974254 0.15148331627353473 -1.6369896872882945 0.0
0.0 0.0 0.0 1.2610213618855362 0.0
0.0 0.0 0.0 0.8619309470871146 0.0
0.0 0.0 0.0 1.0 0.0
0.0 0.0 0.0 1.0 0.0
0.6485069196028963 -0.3131410191648882 0.02665357024454604 0.1692716728445184 -0.03967387977237298
8.57701290408104 -2.2024707120728766 0.5933707555661121 0.4031113065554053 -1.28498500614654
-10.528244837366369 -0.7425961421419386 0.24916075868975968 1.496701587576706 -0.09711287917681269
12.655479494467919 0.49365100986232674 -0.04710588050393139 0.2662621488683197 -0.1307167303515629
-0.408898806188548 -0.2491407530237716 2.917786045582164 0.019157722765102515 0.0
2.861196510295039 -3.189000616264114 -1.4619329375594219 2.393483054062961 -0.28511455170504024
0.0 0.0 0.0 0.0 1.6295972449758471
