-0.22118093357395496 0.0 0.0 0.0 0.0
-1.0 0.0 0.0 0.0 0.0
1.0 0.0 0.0 0.0 0.0
-0.021618765441321228 0.008968718683048913 0.0 0.0 0.0
0.6021357771577501 0.2758002171088089 0.0 0.0 0.0
9.67126582873223 -0.024421529126506292 0.0 0.0 0.0
-0.010659354550324757 0.0 0.0 0.0 0.0
0.12159327782876769 -1.8214863330255886 0.0 0.0 0.0
0.2826600701306996 0.0 0.0 0.0 0.0
-0.007817731197896804 0.16613285120072308 0.0 0.0 0.0
0.0 0.12184433566738528 0.0 0.0 0.0
0.0 1.571397521981127 0.0 0.0 0.0
0.0 1.0 0.0 0.0 0.0
0.0 1.0 0.0 0.0 0.0
1.02187098757968 0.00618416478823211 0.002593104728473115 0.0 0.0
-10.32705528454704 -0.04844761116804252 0.11713322211506016 0.0 0.0
9.136548382842458 -0.026749693185352454 0.0021877708286635236 0.0 0.0
1.286175204306539 0.38380047159970065 0.38242814364177574 0.0 0.0
-0.07496079259419094 0.0 1.1683118469457017 0.0 0.0
-1.6568089332413882 0.21005711121350373 0.0 0.0 0.0
0.009208669915687105 1.1560726892441646 -0.06629608571707608 0.0 0.0
-2.609462607003526 -2.4989918487417886 0.0 0.0 0.0
0.21625140903746742 -0.22788109552780897 -2.1692655677288815 0.0 0.0
0.0 0.0 1.0021789957449787 0.0 0.0
0.0 0.0 0.678617224752804 0.0 0.0
0.0 0.0 1.0 0.0 0.0
0.0 0.0 1.0 0.0 0.0
1.46263734914553 0.06185219773727313 0.09229938950589812 -0.023397146817694663 0.0
7.70706945928589 0.032332165719750866 0.2394940482396187 -0.7744299169902186 0.0
1.2384413663361873 0.3758656724263115 0.7908865634393205 -0.049329239754374705 0.0
-11.481770213854023 0.1272837785475953 0.11008164364273991 -0.25820810531437827 0.0
-1.3447471363074683 -0.3574585531966496 -0.3122069508970565 0.0 0.0
1.7076665408774852 1.7764568293935017 -0.6073430904129975 0.0 0.0
-2.219224406158749 -2.267527717508661 0.27610683427166444 -0.3160938710739282 0.0
0.0 0.0 0.0 0.18667562926920578 0.0
0.0 0.0 0.0 -0.35350353122309697 0.0
0.0 0.0 0.0 -1.0 0.0
0.0 0.0 0.0 1.0 0.0
-0.10794307505207534 0.11127254174523767 0.169458655819917 -0.1051813309044521 0.01730777070341781
3.463321789081024 0.5555075690885063 0.9346527418604095 -0.03965792137492889 0.49598309896426984
-11.403894365762007 0.3432688002438311 0.5366114198792784 -0.8124957811251827 0.05604746121802651
17.105227280608 -0.41368896824925633 0.3646650267011848 -0.8235708210091061 -0.43620665658928237
0.14276313721605516 -0.5332794826043259 -1.378639931958922 1.9875514206073512 0.0
0.17349971099474581 1.7500138859491057 -1.1659756236137022 -0.018914386033390358 1.756625632114422
0.0 0.0 0.0 0.0 -1.1696510427669202
