-0.11320894183499242 0.0 0.0 0.0 0.0
-1.0 0.0 0.0 0.0 0.0
1.0 0.0 0.0 0.0 0.0
0.13941708428332383 -0.00717745101294092 0.0 0.0 0.0
5.227769623495959 -0.25288951794096476 0.0 0.0 0.0
-8.13487081963507 -0.11898785956110602 0.0 0.0 0.0
-0.44860329904813423 0.0 0.0 0.0 0.0
0.8926838921732925 1.2388266200432905 0.0 0.0 0.0
-1.3603327522075106 0.0 0.0 0.0 0.0
0.5943688892753328 0.8094412215041227 0.0 0.0 0.0
0.0 -1.072454618100016 0.0 0.0 0.0
0.0 -0.13642559389866848 0.0 0.0 0.0
0.0 -1.0 0.0 0.0 0.0
0.0 1.0 0.0 0.0 0.0
-1.1948599985049533 -0.0548531241491573 -0.010636494296859552 0.0 0.0
-3.512978354828279 -0.20409466544401864 -0.35423131741298336 0.0 0.0
-8.424248497350549 -0.46054662519580997 -0.052104963602040186 0.0 0.0
-8.760435746709 0.16930035950352704 -0.061352459307101176 0.0 0.0
0.5359632785790357 0.0 -0.967069952037557 0.0 0.0
-0.315317160955391 0.2522148563433798 0.0 0.0 0.0
-0.41774630319865524 0.7956699367666423 1.5789382909709142 0.0 0.0
1.285082662710207 -0.48006738256925013 0.0 0.0 0.0
-0.4343726296437177 0.5499226254066332 -0.45556681881281336 0.0 0.0
0.0 0.0 -1.7765111735416799 0.0 0.0
0.0 0.0 0.08539576771553525 0.0 0.0
0.0 0.0 1.0 0.0 0.0
0.0 0.0 1.0 0.0 0.0
-2.5490816988016056 -0.047443817312018736 -0.04894524136564115 -0.006998202749934162 0.0
-1.925878352296058 0.32964371477236326 -0.2408338490642598 -0.23965320051288572 0.0
-8.850869124493807 -0.200212558548872 -0.37193484628778856 -0.05461885895640617 0.0
9.670647631530773 0.4107146053420413 0.2870255739915822 -0.0888889124095464 0.0
-0.5233984614147675 -0.5597698655978032 0.4086353883724372 0.0 0.0
1.0083090522665663 1.4912516118361607 -0.2615611558892707 0.0 0.0
-1.0021820500808092 -0.3371061872291099 0.3130351770032788 -0.7747468490367618 0.0
0.0 0.0 0.0 -0.38038622709266123 0.0
0.0 0.0 0.0 -1.5917576266256397 0.0
0.0 0.0 0.0 -1.0 0.0
0.0 0.0 0.0 1.0 0.0
-0.7578446372762109 0.00835168640665658 -0.030237568965245692 -0.045438990545204304 -0.006977439658710101
11.18667198631729 0.10144037167850693 0.20024205863284364 -0.1992506945219258 -0.26025316197636034
9.546512771741245 0.2428331449556688 -0.11503870055836553 -0.37184247417390703 -0.05663206195483839
2.1828777271423405 0.022123684787807837 0.2927885900010801 0.09243995116966955 -0.14222435727079707
-1.1103957030057838 0.8428751845527443 1.855780914595437 -0.00021559790850293487 0.0
-1.8146398134927966 -1.8499496790773418 -0.17619722609316163 0.9768201547231058 -1.0626701634067153
0.0 0.0 0.0 0.0 1.8861246660072113
