-0.5462804148305267 0.0 0.0 0.0 0.0
-1.0 0.0 0.0 0.0 0.0
1.0 0.0 0.0 0.0 0.0
0.3238712974773557 0.004380442445122174 0.0 0.0 0.0
8.616453614425586 0.16245412466986625 0.0 0.0 0.0
-5.167823729836038 0.24930433719574926 0.0 0.0 0.0
1.4411795789111257 0.0 0.0 0.0 0.0
-0.4746410882965121 -0.7008655485752961 0.0 0.0 0.0
1.4895828606492618 0.0 0.0 0.0 0.0
-0.7651466136930208 -1.695947872079927 0.0 0.0 0.0
0.0 0.900407409534814 0.0 0.0 0.0
0.0 -1.218160098351737 0.0 0.0 0.0
0.0 -1.0 0.0 0.0 0.0
0.0 1.0 0.0 0.0 0.0
-0.2961373823252451 0.07065991566522103 0.0025178868017970077 0.0 0.0
3.965053712040759 0.3414048401754708 0.07441027144862233 0.0 0.0
-5.133635931814969 0.5386372300772939 0.019392620888802364 0.0 0.0
-9.200359117379806 -0.1556558103689677 0.4064070030419028 0.0 0.0
0.04865182776750525 0.0 -0.05725238199492133 0.0 0.0
-0.8118228809564549 1.0023211993614471 0.0 0.0 0.0
2.2555100204000373 -0.7458519538881603 -0.5876551784485585 0.0 0.0
0.5759233081621673 0.8086531206768047 0.0 0.0 0.0
-0.34143587527354224 0.5300454119581504 -0.8801603234219555 0.0 0.0
0.0 0.0 1.6386954900850057 0.0 0.0
0.0 0.0 1.207483004394021 0.0 0.0
0.0 0.0 1.0 0.0 0.0
0.0 0.0 1.0 0.0 0.0
-1.7277950399936595 0.03660998105015852 0.054801734282183684 0.0032977409337394594 0.0
-3.161638774180755 -0.2484938223135238 -0.2184576230463151 0.030042844297394525 0.0
-8.83918453442673 -0.26589331220430074 0.33724067135780844 0.049520172520968894 0.0
2.70667964471863 -0.5225354861976291 -0.33537532297185224 0.3750145838319066 0.0
1.2690336962825859 -0.8050815212480834 -0.9075172784973584 0.0 0.0
-0.4355443207181277 -0.21301321785467003 1.8892318657741003 0.0 0.0
-0.23805631773076152 -1.9909841448656356 1.5084600980288703 0.4281316221315177 0.0
0.0 0.0 0.0 -1.2376790447373076 0.0
0.0 0.0 0.0 -1.894713070214523 0.0
0.0 0.0 0.0 -1.0 0.0
0.0 0.0 0.0 1.0 0.0
-1.1658451344967764 0.0008706437572327252 0.014218717053880288 0.015405207527286219 0.006196667386210562
5.038902180986106 -0.12607398260116626 -0.33203287376862245 0.025834314025504942 0.2672102857087372
2.7364174883988355 0.11718574998065368 -0.051285068267439116 -0.21948651157893623 -0.011465495147913778
8.201077543217535 -0.02157384182815178 0.3761963632560666 0.37133736698168324 -0.01751297357684717
0.5287211370307972 0.5797731237144026 -0.9770893982331568 -1.84650911938795 0.0
0.8037841531688946 3.553130397263964 -1.5072711360430553 -2.3035178339914237 2.3587249945313076
0.0 0.0 0.0 0.0 0.9919105954184282
