1.5573552233841204 0.0 0.0 0.0 0.0
1.0 0.0 0.0 0.0 0.0
1.0 0.0 0.0 0.0 0.0
0.16149823747903838 -0.0020869672706879815 0.0 0.0 0.0
5.483286752004299 -0.02512568946301527 0.0 0.0 0.0
7.956032942687788 -0.3680370845543549 0.0 0.0 0.0
-1.4835138082389032 0.0 0.0 0.0 0.0
0.9304184034349955 0.6895045947426219 0.0 0.0 0.0
1.6082378021750992 0.0 0.0 0.0 0.0
-0.6843965252699902 2.503653636424183 0.0 0.0 0.0
0.0 1.1550225146083353 0.0 0.0 0.0
0.0 -0.042411863567808794 0.0 0.0 0.0
0.0 -1.0 0.0 0.0 0.0
0.0 1.0 0.0 0.0 0.0
1.2276539072306327 -0.033430722137852725 0.015624062918229651 0.0 0.0
-3.5289892040902853 -0.04290028498233882 0.5655694032089459 0.0 0.0
8.070471965706602 -0.08546878967090005 0.009040870226185313 0.0 0.0
9.429094101411579 0.023607677848341696 -0.5159484940570698 0.0 0.0
-1.6539565744047606 0.0 2.791301549738802 0.0 0.0
0.6683701551465974 0.7212814980981894 0.0 0.0 0.0
1.4804778845652575 1.7275249821635037 -0.2739657644298603 0.0 0.0
0.338092674252305 2.793539970871917 0.0 0.0 0.0
1.2139678139587229 -2.362219911290523 0.9754804054690974 0.0 0.0
0.0 0.0 0.28764791331461925 0.0 0.0
0.0 0.0 0.35822269922041095 0.0 0.0
0.0 0.0 1.0 0.0 0.0
0.0 0.0 1.0 0.0 0.0
2.479502171707867 -0.026859835460641513 0.01910773870402294 0.009341266294793312 0.0
-2.9265964371452284 -0.22690733516992947 0.6512955902433516 0.34209429053711055 0.0
8.905780114968264 0.13574083945878773 0.2608328546020886 -0.02229174070526219 0.0
-8.94175568526552 -0.08922246835447417 0.36113999616996484 0.4305172120873782 0.0
-1.6432984451115806 0.09528046970063152 2.279049820159603 0.0 0.0
0.6768340773054584 -0.9536343168360197 -1.1612224522240133 0.0 0.0
0.12532728808153726 3.2597363722867265 -1.2117088152882256 -1.9284788947803782 0.0
0.0 0.0 0.0 0.8131745926312819 0.0
0.0 0.0 0.0 -1.156744490316135 0.0
0.0 0.0 0.0 -1.0 0.0
0.0 0.0 0.0 1.0 0.0
1.5278350665980387 -0.06558259691850896 0.10762093844875131 0.10621895589164446 -0.042802825048953934
10.310900340983146 -0.1924041474020875 0.7700590547587174 -0.1378209797501596 -1.3135767034868988
-8.697147972347128 -0.3699016174394837 0.572124072602612 0.943928613324069 -0.05850104231265269
-2.931981158843815 0.21968071402433603 -0.4068716760822553 0.36743731945048236 0.25899198806252166
-1.2751276784278733 1.5896216900841376 0.620704286532705 -1.7214004222344412 0.0
0.21180157807716615 -1.9580458148713449 1.40234936052647 1.3579423859690283 -0.6994570857090203
0.0 0.0 0.0 0.0 -0.059833066501926435
