0.13196843475543218 0.0 0.0 0.0 0.0
1.0 0.0 0.0 0.0 0.0
1.0 0.0 0.0 0.0 0.0
-0.08729210722501939 0.0036632046888611263 0.0 0.0 0.0
-2.3969056242613225 0.1695738167245364 0.0 0.0 0.0
9.506763371374062 0.009120383350620842 0.0 0.0 0.0
-0.013559083066822313 0.0 0.0 0.0 0.0
1.7318755523769052 -0.3567250929318805 0.0 0.0 0.0
-0.13850303700782898 0.0 0.0 0.0 0.0
0.3878628237484218 -0.06204342415388328 0.0 0.0 0.0
0.0 1.7747761827810598 0.0 0.0 0.0
0.0 -1.630315395505051 0.0 0.0 0.0
0.0 -1.0 0.0 0.0 0.0
0.0 1.0 0.0 0.0 0.0
1.0008394645228762 0.05010990765474714 -0.01095569620811552 0.0 0.0
-9.175340335562908 0.20245871437419405 -0.3827171095381935 0.0 0.0
9.36807685083312 0.5794127332819549 -0.060728920864488924 0.0 0.0
-3.9327001177642718 0.23925187732800862 0.03386304166127206 0.0 0.0
-0.3359339839325642 0.0 -1.5371610712992347 0.0 0.0
-0.5325025158537365 -0.06770477987184308 0.0 0.0 0.0
1.1013478214704686 -1.4699440058697713 1.8402703292269371 0.0 0.0
-0.7041230307089461 0.03062945951640189 0.0 0.0 0.0
-3.1599297429607 -0.47015790157179704 -0.17390288292199632 0.0 0.0
0.0 0.0 -1.4751176471453515 0.0 0.0
0.0 0.0 -1.0711262643792057 0.0 0.0
0.0 0.0 -1.0 0.0 0.0
0.0 0.0 1.0 0.0 0.0
0.8656461353938704 0.14951460017411744 -0.04358619801767413 0.00862926544375751 0.0
13.562233890499765 0.7966430874970327 -0.13087164457845143 0.2934416533213589 0.0
-3.85646791944603 0.8055042097491418 -0.4485301008683378 0.05489950230909901 0.0
-4.235063368904655 0.16782348431087274 -0.4611725105217257 -0.3289905847591529 0.0
-0.8525116142353497 1.408529928010957 0.06711760603446984 0.0 0.0
3.4800721767605367 -1.6237218291077014 0.942301266499121 0.0 0.0
-1.4638050053110088 0.9471098370540179 0.3074723283853603 1.372323061081108 0.0
0.0 0.0 0.0 1.142047158263905 0.0
0.0 0.0 0.0 0.9752567335944264 0.0
0.0 0.0 0.0 1.0 0.0
0.0 0.0 0.0 1.0 0.0
-0.07181546322827614 0.20289353784942696 -0.16029242981356986 -0.024589943419235698 0.0037177181533272494
-11.374017604792655 0.42283527679313937 -0.46506008447626834 -0.1865090196884546 0.14462133686799408
-3.4353354513400305 0.3366201693674684 -0.9400471946779689 -0.07565131112666962 -0.04528427710264457
20.84050528232494 1.0473019725336317 -0.3693147893843821 0.2968947987509469 0.5969026957055557
-2.9761614981892377 -0.6879015116331862 1.5920392402803876 -0.8393512276611073 0.0
0.7136933470368242 -1.356968444754348 0.5827069781744313 0.1975278175987888 -1.2968063489483477
0.0 0.0 0.0 0.0 1.6978345787669316
