-1.506164173911884 0.0 0.0 0.0 0.0
-1.0 0.0 0.0 0.0 0.0
1.0 0.0 0.0 0.0 0.0
0.3462708693159048 -0.006926551178158611 0.0 0.0 0.0
9.293162022873931 -0.22208549619864137 0.0 0.0 0.0
-3.9183460804923533 0.38316990868605444 0.0 0.0 0.0
2.3927711875612925 0.0 0.0 0.0 0.0
0.14652260183530003 1.3449352673185027 0.0 0.0 0.0
-0.2006820979879751 0.0 0.0 0.0 0.0
0.3390916437332202 -2.6065980182724795 0.0 0.0 0.0
0.0 -0.3693941197397206 0.0 0.0 0.0
0.0 -1.4014381571373966 0.0 0.0 0.0
0.0 -1.0 0.0 0.0 0.0
0.0 1.0 0.0 0.0 0.0
0.0012513292103089046 0.03947508184123224 -0.02784346168865314 0.0 0.0
7.399694396980584 0.018113283137130953 -0.9308338236067579 0.0 0.0
-4.031662524941946 0.2555897844676698 -0.09774097153227762 0.0 0.0
-8.058563213644298 0.07178575807020138 0.6728905585247273 0.0 0.0
2.4226698125993815 0.0 -2.6391684943708587 0.0 0.0
-0.875683374116266 2.3322721464911416 0.0 0.0 0.0
-1.3189670068135 0.5750985762092977 2.961847622190226 0.0 0.0
1.878692168806067 -2.773325606916856 0.0 0.0 0.0
1.1003633306766187 2.6265123295862294 -1.857658865206675 0.0 0.0
0.0 0.0 -0.03257047609837915 0.0 0.0
0.0 0.0 -1.0414100858817994 0.0 0.0
0.0 0.0 -1.0 0.0 0.0
0.0 0.0 1.0 0.0 0.0
-1.2062871112921896 0.04679298896512822 0.0027709096519325724 -0.021292831277388954 0.0
-2.5161667589889163 1.718413798650678 -0.3540720774046777 -0.6822250270775124 0.0
-7.37354022225443 -0.6027215418159015 -0.022903669163695795 -0.08692955743979014 0.0
1.6469498433988656 -0.6275254535088874 0.3144676016648612 0.562771269015635 0.0
1.002840230716858 -0.8358177280001525 -0.37982533210748415 0.0 0.0
-0.10101253640074548 2.1807142239933612 -0.8248801303947921 0.0 0.0
-3.679158458311163 1.722623203345786 2.270113706800261 -0.07515393664463185 0.0
0.0 0.0 0.0 0.7368189972829313 0.0
0.0 0.0 0.0 1.0280991024713435 0.0
0.0 0.0 0.0 1.0 0.0
0.0 0.0 0.0 1.0 0.0
-0.8817813598973672 0.019921914770425597 -0.031154303491195155 0.003268393679354078 0.021112242203715246
2.4075114162160602 1.6457318127765241 -1.1347610466712732 -1.0734598453253157 0.6972286772116665
1.748504568535183 -0.4811524846411152 -0.4328774687123613 0.13792587466206518 0.017640301738956476
6.629795190124895 0.3487218160580507 0.8535483565032183 0.6592847042624399 0.19792645251058008
1.239520582655758 -1.2057254712991927 2.220732530776953 3.5944064819131114 0.0
3.436666838799299 -0.2772191511937674 -3.922850136894484 -3.1450411268625267 0.01077054453688466
0.0 0.0 0.0 0.0 -1.8374488502138533
