-0.7742181520457794 0.0 0.0 0.0 0.0
-1.0 0.0 0.0 0.0 0.0
1.0 0.0 0.0 0.0 0.0
0.16302420583589658 0.0039517162325501875 0.0 0.0 0.0
5.821135001606047 0.140238549402066 0.0 0.0 0.0
7.7151367482640385 -0.18835840593723802 0.0 0.0 0.0
-0.7847304004541017 0.0 0.0 0.0 0.0
0.49083628810871005 -0.6752340414001647 0.0 0.0 0.0
1.4264739626085956 0.0 0.0 0.0 0.0
-0.380252227313734 1.2813497002533198 0.0 0.0 0.0
0.0 0.6208961411551792 0.0 0.0 0.0
0.0 0.6446190502192164 0.0 0.0 0.0
0.0 1.0 0.0 0.0 0.0
0.0 1.0 0.0 0.0 0.0
1.1966477233351216 -0.0031620179171652357 0.008534901542652183 0.0 0.0
-2.6877333237602237 0.25523650613539617 0.23502362014917835 0.0 0.0
7.542571209582587 -0.00501726848920786 0.01989686602486604 0.0 0.0
9.558503004185045 -0.1417636931214434 0.039977687159746006 0.0 0.0
0.43815768879003986 0.0 -0.7154472706421457 0.0 0.0
-0.18868636981986672 1.1614305726646275 0.0 0.0 0.0
0.47365761613843993 -0.024171877224467342 -0.6029353340868504 0.0 0.0
-0.5916442448291875 -0.1016867982245746 0.0 0.0 0.0
0.7584479175970142 1.1370190205132318 -1.0183781002204915 0.0 0.0
0.0 0.0 -1.9967969708954656 0.0 0.0
0.0 0.0 -1.6160028123276455 0.0 0.0
0.0 0.0 -1.0 0.0 0.0
0.0 0.0 1.0 0.0 0.0
2.5260088094428808 -0.02968823501083321 -0.003057755535413483 -0.003311573408961424 0.0
-2.281054321755267 0.2132114710773462 -0.08921781535016853 -0.09149898664194628 0.0
9.664086098305253 -0.31370311698577247 -0.2119492534159712 0.010261201460804626 0.0
-8.517096820728753 -0.32541311782477156 -0.017166257080171762 -0.045082529412456385 0.0
0.9784802214849956 -0.2313338016364792 -0.8585040287542247 0.0 0.0
0.043939049130206076 0.8651757812726261 0.7818418719410756 0.0 0.0
-1.2788018976344129 0.9662603103055489 1.1886563175965672 0.5964845890037864 0.0
0.0 0.0 0.0 1.2866121220544606 0.0
0.0 0.0 0.0 -1.3319009308629783 0.0
0.0 0.0 0.0 -1.0 0.0
0.0 0.0 0.0 1.0 0.0
1.6549892794402723 -0.07570454505141568 -0.013279604502961118 -0.0064686138077120784 -0.0087394579317101
11.37911626338406 -0.5282859793227475 -0.3644276454645523 -0.1116521085593041 -0.26363380011028387
-8.40863313176187 -0.1508979839810247 -0.024427120728781088 0.06904425977356161 -0.01873661910746601
-5.810878119370784 -0.3190400003427978 0.5710283488310323 0.1559996728217123 -0.5097814524869592
-6.525841995225484 -1.1776534192831705 2.8225746482759333 1.747496245218563 0.0
8.805950145630758 1.888586401294368 -2.959644588909484 -1.43874359568627 1.3317130757086448
0.0 0.0 0.0 0.0 1.508563544064463
