1.795566567710861 0.0 0.0 0.0 0.0
1.0 0.0 0.0 0.0 0.0
1.0 0.0 0.0 0.0 0.0
0.0037667329945826116 0.005910966889959164 0.0 0.0 0.0
1.4100786508848961 0.15021758649718703 0.0 0.0 0.0
9.465874653726702 -0.5099540408317218 0.0 0.0 0.0
-0.5087078057542826 0.0 0.0 0.0 0.0
-0.866369077673904 -1.4151212998373848 0.0 0.0 0.0
3.6390882211811575 0.0 0.0 0.0 0.0
0.12843340790087546 3.4690751076987882 0.0 0.0 0.0
0.0 -0.8758370390743724 0.0 0.0 0.0
0.0 0.11197324867196068 0.0 0.0 0.0
0.0 1.0 0.0 0.0 0.0
0.0 1.0 0.0 0.0 0.0
1.0346442923265908 -0.0804162021227861 0.0438829062890563 0.0 0.0
-10.0472115822542 0.3340978524602176 1.4013478657521135 0.0 0.0
9.024519833557509 -0.8525768660031423 0.13857133356109097 0.0 0.0
3.2560034011016903 -0.45070001297142165 0.10303745266454917 0.0 0.0
-0.3180008242416284 0.0 2.1685705057515574 0.0 0.0
-0.7846209252940305 3.1801575429855378 0.0 0.0 0.0
0.9032330017574968 2.5795980510168186 -4.199131320033065 0.0 0.0
-4.266267371640779 1.1350945604941916 0.0 0.0 0.0
2.027865932776758 2.612790697778376 -0.6048405139517388 0.0 0.0
0.0 0.0 -1.3005046019472313 0.0 0.0
0.0 0.0 1.9133786086475344 0.0 0.0
0.0 0.0 1.0 0.0 0.0
0.0 0.0 1.0 0.0 0.0
1.660330545292667 -0.22407238543905617 0.12091219918356144 -0.027847793915163895 0.0
4.998782187670043 0.40515142248471614 0.4695410766623816 -0.8892377336027606 0.0
2.9530119316704955 -1.600882577748527 0.7658204252940208 -0.04304817398808606 0.0
-10.955757029364776 0.3095181709564238 0.6790566073402098 0.6769666257229248 0.0
-0.47922204996229856 -1.3469315107873745 0.4340755149931756 0.0 0.0
-2.8749929704767068 1.730503053860915 1.4098775245100177 0.0 0.0
-6.006947632585051 0.2670612070197871 4.218640810818719 -1.4432038842815926 0.0
0.0 0.0 0.0 -0.7698622351090556 0.0
0.0 0.0 0.0 0.5211197680649788 0.0
0.0 0.0 0.0 1.0 0.0
0.0 0.0 0.0 1.0 0.0
0.2360092717165827 -0.15342053558835617 0.24728851786986122 0.023526538746620966 -0.016460563036631806
7.009371996811812 -0.31586834656489193 -0.22566039107052505 -0.5090549285684398 -0.4924494697025596
-11.284189293736762 0.900729410303535 0.9198672324591411 0.2826542916430133 0.1177718898734747
13.389578312275567 -1.6058033738332604 0.44328528800732414 -0.783121819646151 -2.5623270379139127
6.526286325577688 -5.132408898092897 -3.6314001788910018 11.177034516358134 0.0
0.09292823541525852 10.606523112332159 0.722393189202473 -3.326881406941109 5.953135801577103
0.0 0.0 0.0 0.0 -1.982417392984837
