-0.4535048085744986 0.0 0.0 0.0 0.0
-1.0 0.0 0.0 0.0 0.0
1.0 0.0 0.0 0.0 0.0
-0.008187062297408518 -0.005417879760566312 0.0 0.0 0.0
-1.144022583312969 -0.14084180075103533 0.0 0.0 0.0
9.824556160260611 -0.05012329647871827 0.0 0.0 0.0
0.03566830850872892 0.0 0.0 0.0 0.0
0.7032831005920522 1.2756091726135756 0.0 0.0 0.0
0.4725415869567411 0.0 0.0 0.0 0.0
0.07397409427271723 0.3409748059776753 0.0 0.0 0.0
0.0 0.7071628427751557 0.0 0.0 0.0
0.0 0.0898606794155512 0.0 0.0 0.0
0.0 1.0 0.0 0.0 0.0
0.0 1.0 0.0 0.0 0.0
1.1576468268646976 0.010740892790196957 -0.001613381465909637 0.0 0.0
-9.228821257698709 0.2608300590245069 -0.10217541627043336 0.0 0.0
10.190558140169422 0.21003579540041412 -0.012232852301069859 0.0 0.0
-1.8230677212815776 -0.13220050255619148 -0.21084749355934765 0.0 0.0
-0.16890862033420498 0.0 -1.6146990551098823 0.0 0.0
1.305891425283136 0.3320263399469372 0.0 0.0 0.0
0.21119928227018947 -1.5834307910071699 0.3706924939718153 0.0 0.0
0.21707443858488568 1.2299930677229158 0.0 0.0 0.0
-1.5052794948555395 -0.38195882008702897 1.2806600533978134 0.0 0.0
0.0 0.0 -1.9556738610875577 0.0 0.0
0.0 0.0 0.5198173261189116 0.0 0.0
0.0 0.0 1.0 0.0 0.0
0.0 0.0 1.0 0.0 0.0
1.2977052558513409 0.01837237949263575 -0.07912317402824855 0.015119743340864626 0.0
12.58455739466202 0.6148807523012592 -0.35499771136675284 0.5402764975640678 0.0
-1.830926188027131 0.02971357179186565 -0.7639146666349516 0.05150055037254053 0.0
-6.8202167688349675 0.013736812333663612 -0.26691257526983264 0.25918935830436873 0.0
-0.09165406459299003 0.010728729559813374 -0.08424733503898765 0.0 0.0
-0.05700798793616377 -1.4176987775366496 -0.3666894657854381 0.0 0.0
0.798860416843226 2.1771949627592155 1.2128056481790241 -0.006822317258805684 0.0
0.0 0.0 0.0 1.2072931869599541 0.0
0.0 0.0 0.0 -1.6728606808376907 0.0
0.0 0.0 0.0 -1.0 0.0
0.0 0.0 0.0 1.0 0.0
0.20781445916910535 0.016611819239133997 -0.16951859212933792 0.11242537914523786 -0.02364975479547974
-4.259260329322277 -1.2132789817813399 -0.5383812657046096 0.16037723982115412 -0.7814337560932539
-6.025788971708934 0.37091485387533296 -0.7393215077942732 1.0578176156632981 -0.09051245320929123
22.694840429332174 0.42818544709514167 -0.1917175578772438 0.4187723652812259 0.015389630289707223
-3.610223242373024 -1.1491858727038406 2.646087858043971 0.9508349991433189 0.0
-3.7460928644519416 -0.7113588117488421 -2.2450863723579797 0.5871816276243389 -0.3176460718918662
0.0 0.0 0.0 0.0 -1.9423767426536034
