0.49748792131245434 0.0 0.0 0.0 0.0
1.0 0.0 0.0 0.0 0.0
1.0 0.0 0.0 0.0 0.0
0.09767508538703219 -0.002008986019126446 0.0 0.0 0.0
2.393006753360436 0.004689809581777518 0.0 0.0 0.0
9.591918812070746 -0.0021139289758473644 0.0 0.0 0.0
-0.0039062274165532138 0.0 0.0 0.0 0.0
1.9122075082244185 0.860180530705329 0.0 0.0 0.0
-0.21981468832543483 0.0 0.0 0.0 0.0
-0.53971391454876 0.014380469223451459 0.0 0.0 0.0
0.0 1.9869143575069828 0.0 0.0 0.0
0.0 -1.671744450061845 0.0 0.0 0.0
0.0 -1.0 0.0 0.0 0.0
0.0 1.0 0.0 0.0 0.0
1.2588077244891112 0.04499222323652309 -0.008701432450521133 0.0 0.0
-8.044309378709364 0.15109507401756014 -0.28091252758284635 0.0 0.0
9.841339240939714 0.5945692465591056 -0.055793706671194564 0.0 0.0
4.703295252149115 -0.055947121149708234 0.0271769198934948 0.0 0.0
0.14184867218473554 0.0 -0.522204738028279 0.0 0.0
1.0573920389567837 0.5596078777307308 0.0 0.0 0.0
-0.18290874555689438 -0.3797077099363646 1.6907183839755924 0.0 0.0
-0.5148643858502254 -1.4744135847097866 0.0 0.0 0.0
1.1006797066077714 0.5771505037737964 -0.44757776487742734 0.0 0.0
0.0 0.0 -0.5365852072517305 0.0 0.0
0.0 0.0 1.044319363594453 0.0 0.0
0.0 0.0 1.0 0.0 0.0
0.0 0.0 1.0 0.0 0.0
2.0718681063986315 0.07808791106235131 -0.03146346078624189 -0.00455221905427458 0.0
3.7717982769301894 0.338867781914636 -0.5132267275674142 -0.09208031126616689 0.0
4.5903031203158555 0.3396729422980388 -0.16679613756356043 -0.02599044847644921 0.0
-12.422715177538176 -0.31699586243546596 -0.14048862628512887 -0.15042599558720807 0.0
0.8709921616785112 1.4221272279078683 -1.344140159516276 0.0 0.0
2.6664883915301014 2.084878271798206 1.7160595921766963 0.0 0.0
-0.2697900304310533 -0.2724186646424913 -0.7743881187869861 2.0044569835500443 0.0
0.0 0.0 0.0 1.8374480885606945 0.0
0.0 0.0 0.0 -1.7437603872290746 0.0
0.0 0.0 0.0 -1.0 0.0
0.0 0.0 0.0 1.0 0.0
0.5319812163844091 0.04502601949995308 -0.04671592839474579 -0.014656363717840985 0.008302156309674217
9.345049299378813 1.0030405340252464 -0.39639807618208495 -0.5358911293160495 0.36208885630093524
-12.830705831146481 -0.5537861317506183 0.09453584148438875 0.15158139451855282 -0.04002673454142134
10.991438892702178 0.026173645839315786 -0.9596838790791433 0.06578129715464125 0.06213551528098663
1.5265739471263933 0.9341631901001668 0.6731675428809608 -0.51211040234288 0.0
-1.5881170822019943 1.2736164483570511 3.4298542918622474 -0.8815912093361503 0.047547302701010596
0.0 0.0 0.0 0.0 1.7287629691247628
