-1.775445346512777 0.0 0.0 0.0 0.0
-1.0 0.0 0.0 0.0 0.0
1.0 0.0 0.0 0.0 0.0
0.06462287658705052 -0.011711109907919237 0.0 0.0 0.0
3.3148169940338184 -0.2983443363770778 0.0 0.0 0.0
-9.1802527759204 0.35572591147898514 0.0 0.0 0.0
0.7308853225263312 0.0 0.0 0.0 0.0
-1.6332535146432525 2.798774833105526 0.0 0.0 0.0
1.4615743917728978 0.0 0.0 0.0 0.0
-0.517458948750406 -2.4199041597209874 0.0 0.0 0.0
0.0 1.7132661225671897 0.0 0.0 0.0
0.0 -1.2430990362609342 0.0 0.0 0.0
0.0 -1.0 0.0 0.0 0.0
0.0 1.0 0.0 0.0 0.0
-1.5946733680390743 0.07732445230504775 0.01609351388591539 0.0 0.0
-7.743702189274551 -0.015809352197509008 0.3735076091688311 0.0 0.0
-10.010944072770444 0.7272239300496343 0.09853778189344858 0.0 0.0
-6.263579489108838 0.22864480242601862 1.126110636839818 0.0 0.0
1.044977036111313 0.0 -3.4598372666152084 0.0 0.0
-4.164670194349704 -0.22368613913644986 0.0 0.0 0.0
1.4024119354321216 4.00612792315469 -2.985993390710557 0.0 0.0
-3.404242032150381 10.34436751868855 0.0 0.0 0.0
0.29183168221607625 -1.1892741126647373 -6.197106909138765 0.0 0.0
0.0 0.0 -1.0399331068942215 0.0 0.0
0.0 0.0 -1.8563057806058718 0.0 0.0
0.0 0.0 -1.0 0.0 0.0
0.0 0.0 1.0 0.0 0.0
-2.355315300767912 0.1225867009009691 0.10735392859191217 0.018345382367086112 0.0
3.1402510549611193 -0.8635863712448446 -0.06077914326970216 0.40276376564624533 0.0
-5.416834597290767 0.6367541034874444 -0.029445535225822106 -0.007699942151984698 0.0
12.695478481747013 -0.24248289545526214 -0.6802893663222844 -0.1912927598767479 0.0
3.301507073631294 -0.5661283774915006 -2.287866219221127 0.0 0.0
-3.6103724592905166 0.03873068417153558 2.867095995074368 0.0 0.0
-0.6471181201683704 -6.064193032537851 2.1325090320162916 0.7476781490388882 0.0
0.0 0.0 0.0 1.555988359313241 0.0
0.0 0.0 0.0 1.6697803389365928 0.0
0.0 0.0 0.0 1.0 0.0
0.0 0.0 0.0 1.0 0.0
-0.24333393038027928 0.1296698685121918 -0.02119735236728723 -0.10393526053058845 -0.034401347123816144
10.886898075062279 -1.5891979169234043 -0.12086013315285948 0.07459728879533664 -1.0432877201468298
11.084697173839043 1.0812462112773846 -1.0271710776134129 -1.5536754813338125 -0.0417880408153145
-9.368824582147454 0.32162486606245627 -0.19698652783781584 -0.4782061243860968 0.13385980796035443
1.9020540005004896 1.3347719654828891 -1.6392933618245875 -0.11445412540033527 0.0
5.225441462101799 -1.3631451650799078 -3.2235343422425595 0.2839795521797852 0.960537984622223
0.0 0.0 0.0 0.0 1.3816572181949685
