-0.10507786471160863 0.0 0.0 0.0 0.0
-1.0 0.0 0.0 0.0 0.0
1.0 0.0 0.0 0.0 0.0
0.26567922531165267 -0.0001966542647976362 0.0 0.0 0.0
8.596235209435497 -0.07013803468258163 0.0 0.0 0.0
4.542061982777066 -0.1060616974982408 0.0 0.0 0.0
-0.6277702299859585 0.0 0.0 0.0 0.0
-0.9586165881346802 -0.3960516625293593 0.0 0.0 0.0
0.7002350821191058 0.0 0.0 0.0 0.0
1.6921436514754429 0.7215081462465361 0.0 0.0 0.0
0.0 -1.9448125617332948 0.0 0.0 0.0
0.0 1.0181377120523125 0.0 0.0 0.0
0.0 1.0 0.0 0.0 0.0
0.0 1.0 0.0 0.0 0.0
1.0971714419669245 -0.05818969971884764 0.008581146180002665 0.0 0.0
5.154430992889385 -0.05145456426095918 0.21868679407181185 0.0 0.0
4.437681443090549 -0.6599896118655624 0.04616635743778112 0.0 0.0
8.583308665023743 -0.2852284104067083 -0.2814408104249305 0.0 0.0
1.0901829895442756 0.0 -1.2529678380467177 0.0 0.0
0.8094128545952732 -1.2134796559208487 0.0 0.0 0.0
1.4238350702620073 -0.5408175388565791 -1.3989805284176087 0.0 0.0
0.8596368241068437 1.9910826077381325 0.0 0.0 0.0
-1.143637903713207 1.1336808936441622 1.4489280420845716 0.0 0.0
0.0 0.0 -1.974475984293254 0.0 0.0
0.0 0.0 -0.9312533469326332 0.0 0.0
0.0 0.0 -1.0 0.0 0.0
0.0 0.0 1.0 0.0 0.0
2.2656899451577486 -0.1330855125014896 -0.05411626890458963 0.015258941403013626 0.0
-2.889938609470896 -0.5332864168464151 0.1610490818532312 0.4765377273507131 0.0
8.615989190152845 -0.5548360662518143 -0.6545891923806778 0.057234694241680734 0.0
-1.7885750013266701 0.5270166202705696 0.0853714390617149 -0.2644991363409087 0.0
-0.006346414187655969 0.011602023692476846 -0.399583433487032 0.0 0.0
-1.4210114605788011 -0.2989761608061721 1.620839511518067 0.0 0.0
-0.26844955029067386 -0.3610589347604649 -0.4106727902462046 0.40234798783171566 0.0
0.0 0.0 0.0 -1.020274598962525 0.0
0.0 0.0 0.0 1.6394650852500856 0.0
0.0 0.0 0.0 1.0 0.0
0.0 0.0 0.0 1.0 0.0
2.136667372212358 -0.10619838521968736 -0.06531214242883433 0.003243167750414248 0.0030272331108674457
4.146494245302179 -0.8250476809952796 -0.14811922057769306 0.5708101119929528 0.06727662580348943
-1.782829146709565 0.19822375488877875 -0.19320072768921365 -0.1256698209963806 0.04505119308892655
-8.298257657528424 0.29850777335239664 0.46180838888411724 0.07888763960035816 -0.17982648282039795
0.7402234635221072 -1.2620498601607433 -0.8701933450920452 0.6055757696422318 0.0
-0.7251422293346725 -0.9609969089928994 0.93059803925936 0.6319827240789806 -1.2640571948058898
0.0 0.0 0.0 0.0 -0.7073628255996507
