0.0003752941322905379 0.0 0.0 0.0 0.0
1.0 0.0 0.0 0.0 0.0
1.0 0.0 0.0 0.0 0.0
-0.02533085592193658 -0.0011908290847249966 0.0 0.0 0.0
-0.6933920787722337 -0.08796781926571345 0.0 0.0 0.0
9.791747286887826 0.0014930791276272044 0.0 0.0 0.0
-0.0009557975086044891 0.0 0.0 0.0 0.0
-1.565208005751037 -0.10745822847218127 0.0 0.0 0.0
-0.02022399980083179 0.0 0.0 0.0 0.0
-0.14794623673579088 -0.010157000868212276 0.0 0.0 0.0
0.0 -1.5721845280473348 0.0 0.0 0.0
0.0 0.14404556883939268 0.0 0.0 0.0
0.0 1.0 0.0 0.0 0.0
0.0 1.0 0.0 0.0 0.0
1.0954109614123875 -0.04192499658119687 0.009140723354299763 0.0 0.0
-9.589536795566993 -0.21231599430960563 0.3271734567211066 0.0 0.0
9.76921035802635 -0.5106867296911389 0.05131833835086438 0.0 0.0
-1.7902359265848478 -0.09515404263613747 0.04053837850212263 0.0 0.0
0.1430978291633165 0.0 1.520661815883155 0.0 0.0
-0.25461406471440656 -0.02397901796029811 0.0 0.0 0.0
-0.27016965313254093 1.5138653809954465 -1.5551011621474053 0.0 0.0
-1.5378241252978833 -0.4000283974469182 0.0 0.0 0.0
1.2860948887119754 0.1436113944445112 -0.2548738161261562 0.0 0.0
0.0 0.0 1.5308188167513674 0.0 0.0
0.0 0.0 1.374498217254756 0.0 0.0
0.0 0.0 1.0 0.0 0.0
0.0 0.0 1.0 0.0 0.0
1.2066700637502576 -0.10938675351631229 0.056174505683702664 -0.011205054781372039 0.0
11.104091869047046 -0.657542961845993 0.24457063638120466 -0.3920908590644692 0.0
-1.731205994434534 -0.5604429658769381 0.5399214417676315 -0.05478496536093301 0.0
-7.955129425502889 -0.028659480857234923 0.39364484691519924 0.23021358488322552 0.0
-0.24640594441519093 -1.3921752165356969 -0.1320739298365788 0.0 0.0
-2.027953725839783 1.776842900793486 -1.2416405972445677 0.0 0.0
1.1131617926023916 -1.7100826432544873 -0.15050425158676334 -1.4045941156425286 0.0
0.0 0.0 0.0 -1.337360865008307 0.0
0.0 0.0 0.0 -1.8104926018716911 0.0
0.0 0.0 0.0 -1.0 0.0
0.0 0.0 0.0 1.0 0.0
-0.1283605115191122 -0.1289368944773236 0.16841567635621849 -0.005613424473928446 0.0004066765088160695
-4.436079143387097 -0.3128044366234644 0.6104056707919413 0.19125022621448887 -0.032642333856448165
-8.252377670299538 -0.05721365575725906 0.880776950852047 -0.19313634127897933 0.057480588716757236
20.28037323083427 -0.9448733605379974 0.5325859183728829 -0.42061749060713566 -0.5643830735581895
-1.8418113013024646 0.30209411398627417 -1.867448043770993 1.330896970590033 0.0
-0.5954528557296328 1.6036819061212926 -1.2087761170345546 -0.12798667347369155 1.5022314941329684
0.0 0.0 0.0 0.0 0.36318321539015574
