-1.091100385643407 0.0 0.0 0.0 0.0
-1.0 0.0 0.0 0.0 0.0
1.0 0.0 0.0 0.0 0.0
0.31142754933116734 -0.006579335235714855 0.0 0.0 0.0
9.524700124767527 -0.22458139252794043 0.0 0.0 0.0
-2.364691609006132 0.02450850485303646 0.0 0.0 0.0
0.1619538166045152 0.0 0.0 0.0 0.0
0.1814240722785161 1.1848040647305043 0.0 0.0 0.0
-1.1113033901726403 0.0 0.0 0.0 0.0
0.742009080130158 -0.16672452280977185 0.0 0.0 0.0
0.0 -0.7638665910993381 0.0 0.0 0.0
0.0 -0.5547002883761434 0.0 0.0 0.0
0.0 -1.0 0.0 0.0 0.0
0.0 1.0 0.0 0.0 0.0
0.26318380469992175 -0.03124438729263593 -0.016475346695241457 0.0 0.0
9.300229583352833 -0.35367749552980166 -0.5468814644689578 0.0 0.0
-2.384367196280555 -0.2401822027558809 -0.06115181309042987 0.0 0.0
-4.670889759576483 0.06670480198870617 -0.01688297650205067 0.0 0.0
1.401990210395983 0.0 -1.4432889184886626 0.0 0.0
-0.060498902671115365 0.08269214946591208 0.0 0.0 0.0
-1.9107873259965908 1.2155736310821816 1.853085245164535 0.0 0.0
0.30144652636788294 -2.21656610416997 0.0 0.0 0.0
-0.013919010608919757 1.1885917456392432 0.04219965897862865 0.0 0.0
0.0 0.0 -1.276564395678891 0.0 0.0
0.0 0.0 -1.8833519702455503 0.0 0.0
0.0 0.0 -1.0 0.0 0.0
0.0 0.0 1.0 0.0 0.0
-0.4212710921716166 -0.017043496395521333 -0.058992218697871315 -0.014792740387028951 0.0
-0.7138571965240104 0.6494685038972065 -0.27299460237452344 -0.38751831365807143 0.0
-4.403435490219855 -0.0476773702846897 -0.39189110271222716 -0.09623653761256984 0.0
0.02694774174705028 0.5873715619705927 0.6104520434646247 -0.12906163671000426 0.0
-0.15701304015340395 0.37616132360706916 -0.14855616267436836 0.0 0.0
4.159907601714163 -0.31454979814945405 -3.518107555806889 0.0 0.0
1.062188517456239 0.45751894468541465 -1.5296160536727177 0.3420330050739918 0.0
0.0 0.0 0.0 1.7986047820797562 0.0
0.0 0.0 0.0 0.5202916558230504 0.0
0.0 0.0 0.0 1.0 0.0
0.0 0.0 0.0 1.0 0.0
-0.36582088256284484 0.02953800195775835 0.009386633900358383 -0.0014156145586669516 -0.0008733998214350658
0.8188205077067252 0.5038557252048387 0.09941858616817856 -0.14401801053989738 0.05031814579178384
0.3938602012807708 -0.22875511182182673 0.27176198784214267 0.4180628378741444 -0.03930586539053772
4.661004358547175 -0.04139617027909173 0.306978377145411 0.5055113818825844 0.18051944836963807
-1.5150181185237406 1.0647986650876664 1.9459628578997936 0.7654570105372027 0.0
-1.9174213964506368 1.6181568396054207 2.4115238427663903 -2.3514321634299145 -2.824348809487012
0.0 0.0 0.0 0.0 -1.0607583099732922
