1.6107001357798247 0.0 0.0 0.0 0.0
1.0 0.0 0.0 0.0 0.0
1.0 0.0 0.0 0.0 0.0
0.1369934645209917 -0.0017678819517205873 0.0 0.0 0.0
3.548559057826405 -0.09568588107818277 0.0 0.0 0.0
-9.33117062281618 0.40468196147622254 0.0 0.0 0.0
0.9968179381051734 0.0 0.0 0.0 0.0
1.1895745143565124 0.0779488410350736 0.0 0.0 0.0
2.5379055714719625 0.0 0.0 0.0 0.0
0.4620923723118442 -2.752938513443691 0.0 0.0 0.0
0.0 -1.276172749182226 0.0 0.0 0.0
0.0 -0.5494755686456712 0.0 0.0 0.0
0.0 -1.0 0.0 0.0 0.0
0.0 1.0 0.0 0.0 0.0
-1.4846500837949308 0.022833608876443322 0.008183465712660265 0.0 0.0
-7.498671084100163 -0.30476001087860993 0.12192620746617922 0.0 0.0
-9.402746995982092 -0.06296519835733355 0.04477684086953519 0.0 0.0
-6.67588007347575 -0.4054097483234307 0.2963394253644647 0.0 0.0
1.3831664128286965 0.0 -3.819927333587089 0.0 0.0
-0.5243749815431051 -2.522626067247059 0.0 0.0 0.0
1.5216517459185293 2.8015870173933863 -1.356873965743489 0.0 0.0
-0.9591668872442787 1.1550342618854412 0.0 0.0 0.0
-2.7750863728465527 3.337407721363914 0.33876575582239826 0.0 0.0
0.0 0.0 -1.0669888201433975 0.0 0.0
0.0 0.0 -0.7183891216163976 0.0 0.0
0.0 0.0 -1.0 0.0 0.0
0.0 0.0 1.0 0.0 0.0
-2.388347544872281 -0.013885061236328806 -0.03186083714653993 -0.005465055727129257 0.0
1.2195172464403967 0.004879051014370361 -0.1117401831190801 -0.1528579488767547 0.0
-6.185582034752359 0.03690732803158234 -0.8074559711785867 -0.07468046212995053 0.0
11.45173890896373 0.30588304337762784 0.006398729265976637 -0.919124416177612 0.0
1.5222284307540928 3.438540916502851 -2.411420942733201 0.0 0.0
0.6722733793752735 -1.4825430988986557 -6.604795124063187 0.0 0.0
4.297590339615457 -1.6588756384973002 0.4357065975146309 4.583861039428732 0.0
0.0 0.0 0.0 0.0475918329713263 0.0
0.0 0.0 0.0 -1.9818583282594449 0.0
0.0 0.0 0.0 -1.0 0.0
0.0 0.0 0.0 1.0 0.0
-0.31600383227988615 -0.024901543472433483 -0.04089923260093064 -0.12422296008338272 -0.03391633549388392
11.40073719784396 -0.45375971391848674 0.5956398268970811 0.3028178381271064 -0.8558567762884005
11.828702882103794 -0.27244058869902343 -0.3102840291660641 -0.6333869058714298 -0.06732745958072606
-5.997877392411532 0.18669286746460093 -0.12532928272462351 0.19886036991110165 -0.07397156870670028
-1.9158368352382853 2.0369335515344327 2.4057066855655433 -1.5943578592809484 0.0
-1.0759119379013948 1.308181802537331 7.02474768178384 -0.9577493081768289 -0.9727997933392555
0.0 0.0 0.0 0.0 -1.119076256038527
