-0.1391425709056695 0.0 0.0 0.0 0.0
-1.0 0.0 0.0 0.0 0.0
1.0 0.0 0.0 0.0 0.0
0.00364431934660389 0.002818994126121006 0.0 0.0 0.0
-0.09335266229641773 0.12723382784019652 0.0 0.0 0.0
-9.84096685784905 0.0016049380592665764 0.0 0.0 0.0
-0.0003108413514618008 0.0 0.0 0.0 0.0
-1.2664489365283762 -0.29669592527634014 0.0 0.0 0.0
0.0024663852656686552 0.0 0.0 0.0 0.0
0.03607128529628078 -0.010917945981405282 0.0 0.0 0.0
0.0 1.2669625276450684 0.0 0.0 0.0
0.0 -0.5223208429198847 0.0 0.0 0.0
0.0 -1.0 0.0 0.0 0.0
0.0 1.0 0.0 0.0 0.0
-1.764490137552799 0.03762296390124233 0.00791686550560897 0.0 0.0
-9.924318636120365 0.21742479819008362 0.2904657604296109 0.0 0.0
-9.75317054979545 0.4244084193719753 0.0422207256510775 0.0 0.0
0.3795237190489581 -0.16172720002050323 -0.028276992406124017 0.0 0.0
0.04362117631719968 0.0 1.5321437911553675 0.0 0.0
0.3406920381812082 -0.01398740151891708 0.0 0.0 0.0
-0.0182747289104074 -1.5247423692442017 -1.2794159288205318 0.0 0.0
-1.5392056256543458 -0.22541282918229524 0.0 0.0 0.0
0.6446966395503608 0.28167608293885243 0.26055032225852975 0.0 0.0
0.0 0.0 1.5430617371367727 0.0 0.0
0.0 0.0 1.7155257087481126 0.0 0.0
0.0 0.0 1.0 0.0 0.0
0.0 0.0 1.0 0.0 0.0
-1.3609230403042343 0.027773803939144567 0.03757999492863487 0.007139929127054407 0.0
10.507425366639556 -0.3591314663469638 0.02088278452698432 0.23403137764934615 0.0
0.4204587639939693 0.21821681842203886 0.43967805996127207 0.051492669270610594 0.0
8.931864273177545 -0.2361567684099341 -0.2573268209084137 -0.15450112560193757 0.0
-0.8617509080431088 1.5650754061222698 -0.0207715649764181 0.0 0.0
-2.7913009656520082 -1.566162818057696 -1.8482867396078777 0.0 0.0
3.899338065943087 0.5046768454470709 0.18329024028592053 1.5626260121028401 0.0
0.0 0.0 0.0 0.27490085806655706 0.0
0.0 0.0 0.0 1.3621126544024968 0.0
0.0 0.0 0.0 1.0 0.0
0.0 0.0 0.0 1.0 0.0
-0.027507539633141675 -0.01718261591800507 0.022347960204009157 0.003282146970201813 -0.0014027710334836218
0.0994892031094512 -0.18193272316326747 -0.2830665012074762 0.23041286096417643 0.02855940751387966
9.45487226478524 -0.2661515751593328 0.21244325583526158 0.07423656486289108 0.0081184093897276
-19.50069283132119 0.11446611688277633 -0.2685931961457134 -0.12638187677328835 -0.06753519789325696
0.27099345469142144 -0.150763824858556 0.05717336571066981 -1.8966806099901088 0.0
-0.5628569152560754 1.93778805379204 2.4626813975849626 -0.23257704123685968 1.736205596417705
0.0 0.0 0.0 0.0 -1.6438003596255846
