-1.7772714602410442 0.0 0.0 0.0 0.0
-1.0 0.0 0.0 0.0 0.0
1.0 0.0 0.0 0.0 0.0
0.2392230582762012 -0.014622847324601286 0.0 0.0 0.0
6.031943873116588 -0.3943369405050803 0.0 0.0 0.0
7.893269167502983 -0.1955454736634003 0.0 0.0 0.0
-0.8483757432870032 0.0 0.0 0.0 0.0
1.1385383494150279 3.346232861788276 0.0 0.0 0.0
-1.1094983321472087 0.0 0.0 0.0 0.0
-0.942719533736619 1.3302413174380974 0.0 0.0 0.0
0.0 1.4781710632999432 0.0 0.0 0.0
0.0 1.975076480046865 0.0 0.0 0.0
0.0 1.0 0.0 0.0 0.0
0.0 1.0 0.0 0.0 0.0
1.4193012218643442 -0.004052423987067039 0.007499697256078364 0.0 0.0
-0.9751572501096106 0.3178260206297934 0.24619417818419198 0.0 0.0
8.655940259474068 0.25315919740997006 0.0277197995219855 0.0 0.0
9.612648005807662 -0.5500063311164562 -0.5427515626647426 0.0 0.0
-0.365854854258393 0.0 0.573655302112011 0.0 0.0
3.8065394378683477 2.8599166405670973 0.0 0.0 0.0
-0.14909689940259832 -0.4279508625208206 -0.839993924908649 0.0 0.0
1.6673755042560703 2.6429152708362142 0.0 0.0 0.0
-1.1348307598022607 -1.4163270079314885 0.4825815837219017 0.0 0.0
0.0 0.0 -0.7565860153260862 0.0 0.0
0.0 0.0 -0.366098747426034 0.0 0.0
0.0 0.0 -1.0 0.0 0.0
0.0 0.0 1.0 0.0 0.0
2.723322863158492 -0.10713280967778675 -0.047104217923338076 0.019910277549414154 0.0
-2.311739389743158 0.19289924776712916 0.44584932824459056 0.6049134736328063 0.0
9.203863700430988 -0.9088628629223088 -0.39027684118730227 0.002517638212477793 0.0
-7.100996366365326 -0.47642211708916904 0.0761247867253794 1.2287245108322509 0.0
-2.2131587997349773 -1.6772534559850902 1.770964851339951 0.0 0.0
-1.2219086658204361 -3.170363379901249 -3.4927661807156047 0.0 0.0
-0.9739327400994451 2.4980025986048746 0.5174646715497841 -2.7980725851986383 0.0
0.0 0.0 0.0 -0.43495341065630555 0.0
0.0 0.0 0.0 1.9138125280809852 0.0
0.0 0.0 0.0 1.0 0.0
0.0 0.0 0.0 1.0 0.0
2.060083353243952 -0.15268480381536015 -0.0454486435369497 0.1879728820574146 -0.058245800121772516
10.757302005155687 0.284105999714786 0.5733052379172427 -0.44396305704066086 -1.8711059496987015
-6.765409272638454 -0.23914453147005482 -0.15038746914986628 1.255578385829133 -0.05995067956430606
-3.506058510409183 0.6352987447915637 -0.8859898280730093 0.6607837884647801 0.6780202053996581
-1.7011778240013955 2.595728842318133 0.504558471967925 -3.303481224475698 0.0
-1.4871299922962824 -7.383010426619273 0.3322732763589821 4.570122040277754 -0.6798448776781412
0.0 0.0 0.0 0.0 -1.8507451031179407
