-1.873063796249847 0.0 0.0 0.0 0.0
-1.0 0.0 0.0 0.0 0.0
1.0 0.0 0.0 0.0 0.0
0.3428922743200051 -0.015666837014454794 0.0 0.0 0.0
9.555851877495066 -0.5178061447273424 0.0 0.0 0.0
-3.0326906830085796 0.3424515822672251 0.0 0.0 0.0
2.2180433897640306 0.0 0.0 0.0 0.0
0.3988951921767444 2.9367287678637983 0.0 0.0 0.0
-2.083823429981196 0.0 0.0 0.0 0.0
1.2421750393271822 -2.3296026004573136 0.0 0.0 0.0
0.0 -1.304651755323699 0.0 0.0 0.0
0.0 0.9155605169436507 0.0 0.0 0.0
0.0 1.0 0.0 0.0 0.0
0.0 1.0 0.0 0.0 0.0
0.17204484436125594 -0.003528865727340149 -0.02866705900254164 0.0 0.0
9.043822377908546 -0.3183245332651433 -1.0093740330383754 0.0 0.0
-3.263806842216121 -0.012445064839649966 -0.04072994578489145 0.0 0.0
-6.462956736549463 -0.44642153382338745 0.32027250654618344 0.0 0.0
4.058747455285324 0.0 -4.262887132896939 0.0 0.0
-0.3073112505993708 -0.4541029131056975 0.0 0.0 0.0
-0.9959539471501397 -0.8688172411603756 1.2342407813603442 0.0 0.0
1.1466327860581993 0.8903592663319841 0.0 0.0 0.0
0.08785325775191088 4.756294414239765 -0.15270604104145358 0.0 0.0
0.0 0.0 -1.9332845324396248 0.0 0.0
0.0 0.0 -0.5653408163604778 0.0 0.0
0.0 0.0 -1.0 0.0 0.0
0.0 0.0 1.0 0.0 0.0
-0.7009877653809613 -0.07765016633624183 -0.10245132563980547 0.010151738214716375 0.0
0.18690845050638316 0.2505440154795028 -1.0173065493109057 0.3404265946526337 0.0
-5.437776352610316 -0.6401553198623948 -0.8765373083570558 -0.005094127816982236 0.0
0.4213945721465455 0.5066127808585545 0.25279117782683974 -0.37152308004893897 0.0
3.4413170389148524 -0.9880284054512207 -4.429310452228632 0.0 0.0
0.4207303662440607 0.6364213901397244 0.8030917148578318 0.0 0.0
1.2915115604908798 -3.47565321697501 -0.49426937581733643 3.9057455720217638 0.0
0.0 0.0 0.0 1.1465897956975986 0.0
0.0 0.0 0.0 1.8361114894110142 0.0
0.0 0.0 0.0 1.0 0.0
0.0 0.0 0.0 1.0 0.0
-0.5350977413987255 -0.004646711490243427 -0.12372307468440606 -0.02163871680739419 0.043485432348109074
3.031876321892419 0.13492906458440113 -2.0587250768606316 0.03759682199961478 1.4458112180739997
0.5146990087375407 0.4300575230156991 0.21786717261771454 -0.1348436327916536 0.04936504257116947
5.240379960600016 0.22598211427645398 1.1552018890065905 0.4109976430461296 -0.5022127721467198
0.9177872682041133 -1.627512439325642 0.6567132224549255 2.5958799106340464 0.0
-1.2363017069997924 3.223469676838933 -1.4888920078892012 -4.616424987276927 -0.3278460564856438
0.0 0.0 0.0 0.0 -0.36798037559387353
