-0.36992513405265104 0.0 0.0 0.0 0.0
-1.0 0.0 0.0 0.0 0.0
1.0 0.0 0.0 0.0 0.0
0.2874063130939516 -0.003300049200720645 0.0 0.0 0.0
8.928212860083255 -0.16285308608626212 0.0 0.0 0.0
-4.00089684748069 -0.037013326537955776 0.0 0.0 0.0
-0.23254222444807382 0.0 0.0 0.0 0.0
0.7303637647266653 0.25272037942581765 0.0 0.0 0.0
-0.3299558808434863 0.0 0.0 0.0 0.0
1.7589901324143042 0.25179133699289646 0.0 0.0 0.0
0.0 -1.9045937925858625 0.0 0.0 0.0
0.0 -1.7347426053588788 0.0 0.0 0.0
0.0 -1.0 0.0 0.0 0.0
0.0 1.0 0.0 0.0 0.0
-0.0748991821752879 -0.05513265510461502 -0.008392527686422032 0.0 0.0
6.889975542713973 -0.19307792371748178 -0.2658329651012198 0.0 0.0
-4.009659669704931 -0.5964713186993948 -0.050698113952633884 0.0 0.0
-6.791881115983466 0.13713238911601006 -0.24346394718314718 0.0 0.0
0.3222338965269752 0.0 -0.3489074030470332 0.0 0.0
-0.8284944106171264 -1.0434268538566738 0.0 0.0 0.0
-0.5978568812620382 -0.014926753297106812 1.5363064834131483 0.0 0.0
1.691559590771628 -2.3590903659100375 0.0 0.0 0.0
-1.6038765976125642 0.38398670994065964 1.3675281871583156 0.0 0.0
0.0 0.0 -0.6006987400399297 0.0 0.0
0.0 0.0 0.09367257812989527 0.0 0.0
0.0 0.0 1.0 0.0 0.0
0.0 0.0 1.0 0.0 0.0
-1.1465057190401686 -0.03276709337226729 -0.047935107521169 -0.0051091869236395615 0.0
-2.933131173057742 0.5328072121955727 0.1259638206347349 -0.045569931102238476 0.0
-6.569868648394594 -0.01977762155998236 -0.276808183976047 -0.04260229443923706 0.0
1.5762562168597203 0.6489166431165984 0.5959547274893251 -0.21435968188535853 0.0
0.3719626242051363 -0.25552075123611245 0.34035409304614656 0.0 0.0
-0.21952011916234582 0.6925000704384687 -0.686989949709106 0.0 0.0
0.781478570523949 1.4625751910117812 -2.7136426177624156 -0.47718022878852984 0.0
0.0 0.0 0.0 1.9431965118919043 0.0
0.0 0.0 0.0 0.8771226195583575 0.0
0.0 0.0 0.0 1.0 0.0
0.0 0.0 0.0 1.0 0.0
-0.8808916425512594 0.003065965971794364 0.027820364628196183 0.033690954598202955 0.004776387339960959
1.2309799646136668 0.25255708415462264 0.10689905273277107 0.054921025968941 0.08792123308113943
1.4595083085191298 -0.3170954736000991 0.34490069801554035 0.7370451861839249 0.03255014855641081
6.929345296815427 0.06479423965747334 -0.47294252879753085 -0.3080512722320696 0.21383185480603828
2.9725330270187915 -1.223376268570743 1.5957391350058052 2.998029738005201 0.0
-0.1900598602877671 -2.8461342191284453 2.537242575849591 1.5881120082406903 -3.402904113855598
0.0 0.0 0.0 0.0 0.6931846999726501
