0.8430711871513461 0.0 0.0 0.0 0.0
1.0 0.0 0.0 0.0 0.0
1.0 0.0 0.0 0.0 0.0
-0.03213215223775302 0.004211339984234837 0.0 0.0 0.0
-0.6226591873614276 0.17635651886794396 0.0 0.0 0.0
9.74735561078479 -0.1014657603844663 0.0 0.0 0.0
0.02708820198650143 0.0 0.0 0.0 0.0
1.4758366144903565 -0.5365728397912847 0.0 0.0 0.0
0.6686540386281377 0.0 0.0 0.0 0.0
0.05796301558237162 0.6902432679215394 0.0 0.0 0.0
0.0 1.4769744154337134 0.0 0.0 0.0
0.0 1.3529183012516124 0.0 0.0 0.0
0.0 1.0 0.0 0.0 0.0
0.0 1.0 0.0 0.0 0.0
1.0612673591796418 0.015741306943367145 0.002192884970906125 0.0 0.0
-9.95258061400844 -0.14007505584442964 0.11985233202412532 0.0 0.0
9.588900320808687 0.28062406204655455 -0.02450109117224118 0.0 0.0
-0.9230140348839833 -0.0505518735099318 -0.04463743682783662 0.0 0.0
0.06350613233339386 0.0 1.6182203727181 0.0 0.0
-0.5770664865015958 0.7787231998090662 0.0 0.0 0.0
0.024981851933627397 1.5800198698936634 0.7424573082497333 0.0 0.0
-1.0188974617985205 1.7436997803062317 0.0 0.0 0.0
0.13067264598871198 1.004414846983732 0.6336590558103238 0.0 0.0
0.0 0.0 0.9279771047965606 0.0 0.0
0.0 0.0 1.0838235270181635 0.0 0.0
0.0 0.0 1.0 0.0 0.0
0.0 0.0 1.0 0.0 0.0
1.231448219858573 0.051631904112752605 0.03455990408387761 -0.003726739737372744 0.0
9.058653911907655 0.968075918696897 0.1600764574633127 -0.11317276674538769 0.0
-0.9574264651074325 0.1838333954441579 0.433693465246624 -0.01451615747488175 0.0
-9.173163623057793 0.11646084182330073 -0.2634714144596683 -0.22560449605544422 0.0
-1.3942480956668888 1.6100116461573217 1.2138887086237742 0.0 0.0
0.9075607404395837 -0.8423513043760945 2.570149979530204 0.0 0.0
-2.2278483357779355 1.0653017078536693 1.7998076927638635 1.7026660626083714 0.0
0.0 0.0 0.0 -0.6409699513337745 0.0
0.0 0.0 0.0 1.2419420911037178 0.0
0.0 0.0 0.0 1.0 0.0
0.0 0.0 0.0 1.0 0.0
-0.21357487118068974 0.0960195582032258 0.009426323705195286 -0.04445292620477484 0.007690571096867581
-1.9835972542370133 0.24348260647045897 0.20142781208078214 -0.1896238672249008 0.26242510829608906
-9.553599583939182 0.4320030098239044 -0.21742229350077397 -0.25778053055332534 0.03273104157146838
19.005872767605815 0.4431964807909355 0.002480241860426326 -0.2051004299233026 -0.2600202071581955
1.9177296621364288 -0.449746928421976 -2.1794745785346845 3.8890783775861357 0.0
-1.18404302045909 2.5666043870878323 1.9825742801464452 -0.4833734849504892 2.204139356858183
0.0 0.0 0.0 0.0 -1.9768940650541609
