-0.2301820973224573 0.0 0.0 0.0 0.0
-1.0 0.0 0.0 0.0 0.0
1.0 0.0 0.0 0.0 0.0
-0.025101588974990072 -0.003550328902201447 0.0 0.0 0.0
0.006072558054755428 -0.05154050965079781 0.0 0.0 0.0
-9.753257868411382 0.011907625203443626 0.0 0.0 0.0
-0.0020372185591623223 0.0 0.0 0.0 0.0
-1.6978026543469582 1.1131356392345013 0.0 0.0 0.0
0.10897346505657049 0.0 0.0 0.0 0.0
0.04271244170834384 -0.08100425308465052 0.0 0.0 0.0
0.0 1.6983398381314223 0.0 0.0 0.0
0.0 -0.7575149663344161 0.0 0.0 0.0
0.0 -1.0 0.0 0.0 0.0
0.0 1.0 0.0 0.0 0.0
-1.7993227438608868 0.03603670507461575 0.00881038452929389 0.0 0.0
-9.624158576221049 0.03153710384148637 0.26250516736618035 0.0 0.0
-10.078863743104211 0.5067569050639819 0.05884338918273893 0.0 0.0
0.32082713713805755 0.005830979805218156 0.1481708102543819 0.0 0.0
-0.0034113289455342095 0.0 -0.1356418789806585 0.0 0.0
-1.0536360808410667 -0.08857950685035453 0.0 0.0 0.0
-0.04704516737298257 0.13523128939696732 -1.7831330055375432 0.0 0.0
-2.3775955282637082 1.369294585141438 0.0 0.0 0.0
-0.1187199075104981 -0.01802670772554561 -1.243050249256314 0.0 0.0
0.0 0.0 -0.05463762589600796 0.0 0.0
0.0 0.0 -0.057725973631040706 0.0 0.0
0.0 0.0 -1.0 0.0 0.0
0.0 0.0 1.0 0.0 0.0
-1.4010164172411612 0.05994675487160308 0.015081669799287382 0.0019093606451328685 0.0
10.594232859124897 -0.41151483850874265 -0.3854226591860431 -0.01786624027299853 0.0
0.31223300621440375 0.5294474701771872 0.03250737091125397 -0.00023600994263554037 0.0
8.7173723621212 0.2524108173977012 -0.21537188156058557 -0.336722025180987 0.0
-0.02857087082624249 1.7764874867947402 -0.12875048542868206 0.0 0.0
0.524023819589494 -0.12196902002070813 -1.7622496985448088 0.0 0.0
2.385584267585348 -2.4270460956758244 0.04229551531960729 1.768892637256229 0.0
0.0 0.0 0.0 -1.0516665314065334 0.0
0.0 0.0 0.0 0.6836922412741981 0.0
0.0 0.0 0.0 1.0 0.0
0.0 0.0 0.0 1.0 0.0
-0.2170611548480057 0.07522500108785313 -0.019604394462127417 -0.09429624698872041 -0.021964902397944085
-1.2175023220236731 -0.6737668067352087 -0.08078915292051836 0.08701824342263371 -0.6434094691407368
7.944823436224041 0.19782476848486708 -0.22120974672632496 -0.9892995961381054 -0.07544015235743422
-20.540266398601 0.31399536704746833 0.1766103697599823 -0.0028925665670968535 0.198653730181706
-0.5559885827376856 0.046202842380113004 2.282814952971995 -0.07832727356984073 0.0
0.8972997151129558 -0.11479635207196393 0.6581399352835965 0.15838810698376105 0.035404121767628624
0.0 0.0 0.0 0.0 1.3676609150420522
