-1.1498867335499914 0.0 0.0 0.0 0.0
-1.0 0.0 0.0 0.0 0.0
1.0 0.0 0.0 0.0 0.0
0.29529020286948754 0.0018851594310948395 0.0 0.0 0.0
7.721217295807604 0.08119425256483473 0.0 0.0 0.0
-6.4588559684821005 0.3345962743237913 0.0 0.0 0.0
1.7189137591631907 0.0 0.0 0.0 0.0
-0.4780951355036071 -0.22488322563391727 0.0 0.0 0.0
1.6618940052015865 0.0 0.0 0.0 0.0
-0.5507825338077181 -2.2761651314543627 0.0 0.0 0.0
0.0 0.7293396726764989 0.0 0.0 0.0
0.0 1.5099784740681863 0.0 0.0 0.0
0.0 1.0 0.0 0.0 0.0
0.0 1.0 0.0 0.0 0.0
-0.6266676289031223 0.05574052424942117 0.008021668265512776 0.0 0.0
0.7474171205053182 -0.37873372121304943 0.15959848966266632 0.0 0.0
-6.55994796253361 0.46374377437538766 0.08340140088886433 0.0 0.0
-10.207125227870325 -0.32821097947593464 0.36887686903942585 0.0 0.0
1.9104300271345813 0.0 -2.5297686929704257 0.0 0.0
-1.5832866105112855 -1.2925843029322088 0.0 0.0 0.0
4.376727009305929 2.5841928398574043 -2.527315178450432 0.0 0.0
0.32170335701925623 2.958221372271782 0.0 0.0 0.0
-2.2030341641548654 1.1067356118304832 0.08025755889196579 0.0 0.0
0.0 0.0 -0.2536035615160621 0.0 0.0
0.0 0.0 -1.9346023804326964 0.0 0.0
0.0 0.0 -1.0 0.0 0.0
0.0 0.0 1.0 0.0 0.0
-2.1784139709144643 0.026845492935360205 0.003275712843147316 0.005396931647454977 0.0
-3.8890834833822385 -0.7205782954876345 -0.1815394618298124 0.19063445802698506 0.0
-9.087718992874573 0.2847052964071281 -0.41186634426260976 -0.032757137849850564 0.0
5.4046781982975425 0.7816629387141096 0.29600641519983906 -0.2272749221821736 0.0
3.0446870933837826 2.574960358411312 -1.5479511070896712 0.0 0.0
2.7035733556705823 -0.8628796285318181 -3.4517087450631987 0.0 0.0
2.715520249263834 -3.3703127668810207 -2.0600946385442445 3.1286595874391923 0.0
0.0 0.0 0.0 0.7406841008284393 0.0
0.0 0.0 0.0 -0.2761590182660356 0.0
0.0 0.0 0.0 -1.0 0.0
0.0 0.0 0.0 1.0 0.0
-1.2060243119402383 0.04786635877995176 0.051441363881561716 0.01570906792797773 -0.017537586623432525
6.005738248387118 -1.1508094026427107 0.7828704075621996 0.8928071349158928 -0.4673367155307714
5.0196777087165145 -0.09970866016615021 0.05002479044793537 0.10874978559177523 -0.05224371141784115
8.985014483074515 0.011882243442583929 -0.7888204380073324 -0.031587686879703133 0.39657356369840263
-3.289574594833832 0.6119964133312399 3.7469525416712877 0.923711046481146 0.0
-8.541252609341466 0.6820465645905665 6.1226019852353675 -0.08221347957532571 -3.041912224425001
0.0 0.0 0.0 0.0 0.7562481754961188
