1.1687523572748022 0.0 0.0 0.0 0.0
1.0 0.0 0.0 0.0 0.0
1.0 0.0 0.0 0.0 0.0
0.06658822842958513 0.006204515556288475 0.0 0.0 0.0
0.8655807908804575 0.1497442570080271 0.0 0.0 0.0
-9.950014472646668 0.22423476522641297 0.0 0.0 0.0
0.1505943863958318 0.0 0.0 0.0 0.0
1.1540728580010307 -1.539367270936313 0.0 0.0 0.0
1.6699273613817796 0.0 0.0 0.0 0.0
0.11449412288743874 -1.5254065661660747 0.0 0.0 0.0
0.0 -1.1597383609031957 0.0 0.0 0.0
0.0 0.2017353580710588 0.0 0.0 0.0
0.0 1.0 0.0 0.0 0.0
0.0 1.0 0.0 0.0 0.0
-1.694000439608738 0.01578263318139328 0.00605608434841774 0.0 0.0
-9.979608183828834 0.002982169605491587 0.15747784153980704 0.0 0.0
-9.504479327934195 -0.13566876898183397 0.01080061453938817 0.0 0.0
-1.8378898531745662 -0.4774681008548315 -0.045478585471724065 0.0 0.0
0.07790188684222037 0.0 -0.7890868481213094 0.0 0.0
1.4934085847272804 -1.4490190822755065 0.0 0.0 0.0
0.1463011644032369 0.5739532152335598 -0.32729134967843043 0.0 0.0
-0.5356112876102785 -0.7407008698658357 0.0 0.0 0.0
-1.2751094094164643 2.207540911383588 1.2775179270303334 0.0 0.0
0.0 0.0 0.7363197180447654 0.0 0.0
0.0 0.0 -1.7157085131975847 0.0 0.0
0.0 0.0 -1.0 0.0 0.0
0.0 0.0 1.0 0.0 0.0
-1.7260219519749682 -0.03622330570001453 -0.017403451709809947 -0.006810131215930327 0.0
7.157730978436895 0.3886421232067032 -0.01872526180360024 -0.17871447666025955 0.0
-1.8388625812694195 -0.273089923855858 -0.2547150612800301 -0.005762460485045435 0.0
11.518533766632359 0.024531329923661527 0.19842561780829712 -0.3860150992937667 0.0
-0.5567461194931216 2.3588599151696883 -0.8219718518714079 0.0 0.0
-2.565287144320518 -1.0506868165485468 -4.527772803679018 0.0 0.0
0.5758072579223364 -0.2794210956645917 -1.537569529767509 2.4968216327559003 0.0
0.0 0.0 0.0 -0.43954411055486364 0.0
0.0 0.0 0.0 0.1134472788501868 0.0
0.0 0.0 0.0 1.0 0.0
0.0 0.0 0.0 1.0 0.0
0.12186501034557295 -0.09940205264635624 0.008486477496191292 -0.04974436426276726 -0.018157528756765805
3.6305637935286414 0.29101947764591474 -0.1241718333175178 -0.05219097564223027 -0.513236218779722
11.950677421511983 -1.065719840156035 0.14075483433039604 -0.09935783532741388 -0.046552886451650115
-16.97706764058139 0.20888378043359798 -0.03551460158148678 -0.008076345002099009 0.3491213951717972
5.226748471018821 -3.183154135010523 3.9739333024060275 2.3802646218355346 0.0
3.227521320298549 -2.1742495269449345 3.6850284213318605 0.9528235091362738 -1.5046845260174044
0.0 0.0 0.0 0.0 -1.4092046910168583
