-1.529266009885112 0.0 0.0 0.0 0.0
-1.0 0.0 0.0 0.0 0.0
1.0 0.0 0.0 0.0 0.0
0.04428854012112734 -0.01044148655786259 0.0 0.0 0.0
2.370445710536574 -0.3392336562913082 0.0 0.0 0.0
-9.482222499985511 0.28083802246475825 0.0 0.0 0.0
0.4644231166101227 0.0 0.0 0.0 0.0
0.6709176582463459 1.9971681010331905 0.0 0.0 0.0
1.3676530899173103 0.0 0.0 0.0 0.0
0.16814020954008205 -1.9104627378554986 0.0 0.0 0.0
0.0 -0.6916658399913524 0.0 0.0 0.0
0.0 -1.9637935529354826 0.0 0.0 0.0
0.0 -1.0 0.0 0.0 0.0
0.0 1.0 0.0 0.0 0.0
-1.669412760908657 0.031552739798293115 0.005895972162899406 0.0 0.0
-8.519266710675243 0.46937934301088824 0.1556480681184894 0.0 0.0
-10.07806047041624 0.06944104450931365 0.010361369100611882 0.0 0.0
-4.442230227409287 -0.1697804888158392 0.9093688227085045 0.0 0.0
0.16956034061082273 0.0 -0.6975077272628654 0.0 0.0
-3.092812089155599 -0.1540182468779267 0.0 0.0 0.0
0.7964863297725205 0.24385518175718124 -0.3139808818367209 0.0 0.0
-3.8358258414399637 8.871039807164326 0.0 0.0 0.0
-1.60132639852296 1.8962479079458885 -5.233653926429782 0.0 0.0
0.0 0.0 1.2129550105926334 0.0 0.0
0.0 0.0 0.7922567386255221 0.0 0.0
0.0 0.0 1.0 0.0 0.0
0.0 0.0 1.0 0.0 0.0
-2.1081531159803086 -0.022328667172836 0.10632334055087359 0.026971009292943268 0.0
5.388322271317316 -0.44514509997639673 -0.6831543539117421 0.5957478835503864 0.0
-3.895494056817141 -0.41581365903253875 0.49998327566167156 0.10537166215317616 0.0
12.200999223949236 -0.07173666651897323 -0.5675304221254923 -0.3110910424281501 0.0
0.7820709714298966 -0.5106422210987176 -4.009815984696677 0.0 0.0
4.187797884496057 -7.086874243433569 -0.4774310740834247 0.0 0.0
3.9348853938427975 -9.704237090315296 2.9127174978586923 1.3586003148324772 0.0
0.0 0.0 0.0 -1.4801469328728096 0.0
0.0 0.0 0.0 1.824817764119972 0.0
0.0 0.0 0.0 1.0 0.0
0.0 0.0 0.0 1.0 0.0
-0.18214000994904112 -0.009045752956236592 0.09311264953271402 -0.18419383454863833 -0.052598690157817624
8.852377741786041 -1.211579670104216 0.03137170897208006 -0.6495949556851978 -1.610801124361745
10.04084350579124 0.5479357110275809 0.6215802718582643 -2.3347212041800973 -0.20701520340362453
-10.484801968683563 -2.0475101058018734 1.4374993302492898 0.20185776142235412 -1.1577896437345703
-12.075261007853127 4.579948991449957 4.20278293210434 -9.144587239666421 0.0
-10.674098505973637 11.245694374725776 -3.4365162074280935 -3.9114637030258423 6.225025755292511
0.0 0.0 0.0 0.0 -0.24027394193229012
