-0.6094325333987021 0.0 0.0 0.0 0.0
-1.0 0.0 0.0 0.0 0.0
1.0 0.0 0.0 0.0 0.0
-0.0010665657863983512 0.006974478447871811 0.0 0.0 0.0
-1.1851215784617724 0.17215056740169848 0.0 0.0 0.0
-9.861756749888277 0.028958585740193707 0.0 0.0 0.0
-0.020279781578511832 0.0 0.0 0.0 0.0
1.1814852472363877 -1.7043884088822043 0.0 0.0 0.0
0.020493097915293357 0.0 0.0 0.0 0.0
-0.12227708520963623 -0.19699718190607965 0.0 0.0 0.0
0.0 -1.1877958894543257 0.0 0.0 0.0
0.0 -1.2108514485782078 0.0 0.0 0.0
0.0 -1.0 0.0 0.0 0.0
0.0 1.0 0.0 0.0 0.0
-1.7462125642644344 -0.009137555505537166 -0.0024998933061706457 0.0 0.0
-10.00255571709502 0.1489734192551987 -0.04087299906634538 0.0 0.0
-9.365557228313472 -0.28779543153693476 -0.03014565274983965 0.0 0.0
2.25471299484414 -0.296153646021964 -0.07492055168682979 0.0 0.0
0.10881343602357363 0.0 1.057010410451102 0.0 0.0
1.7441451225308233 -0.35079199502250646 0.0 0.0 0.0
0.06752811964252523 -0.983574976437674 0.9135046287830216 0.0 0.0
-0.2911295293180136 -0.131742319869955 0.0 0.0 0.0
-0.1658801119880291 0.7641112500520756 0.8770756580252247 0.0 0.0
0.0 0.0 1.2540075923571816 0.0 0.0
0.0 0.0 1.1437399977213478 0.0 0.0
0.0 0.0 1.0 0.0 0.0
0.0 0.0 1.0 0.0 0.0
-1.0509118083912083 -0.05359807992995146 0.014110704315729267 0.0049083987366729896 0.0
11.039089927934732 0.4801553999331611 0.12419338438304821 0.162258821559893 0.0
2.2083578660194965 -0.4713277139466493 0.25374909556487113 0.058406634691145216 0.0
8.20863126158973 -0.2976018032697416 0.22451915762071917 0.15306882300144534 0.0
-1.4131624166618213 0.05576687689043747 -0.6286492890591285 0.0 0.0
-0.38930498082212417 -2.220958061697946 -0.8970639991548842 0.0 0.0
-1.8610043653945554 0.045613974972635196 -1.2639858831321518 -0.0728926443797331 0.0
0.0 0.0 0.0 -0.4673948730817248 0.0
0.0 0.0 0.0 -1.4270632437030542 0.0
0.0 0.0 0.0 -1.0 0.0
0.0 0.0 0.0 1.0 0.0
0.06692818488300567 -0.13501139933822387 0.06940051405171299 0.03992307553553016 0.00284495984492362
-5.632769185550835 0.30547015215692397 -0.4073276771411225 0.13166256927404024 0.13855224560704532
9.44858680452501 -0.9211895006390093 0.6623041836893714 0.3249601496050728 -0.011965795781897017
-20.45330671793439 -0.2918259797828817 -0.2050659493377892 -0.2099500498275413 -0.16745507163643197
0.3189859790462011 -1.8224381207242293 0.6945564504388765 1.0520737511290408 0.0
1.4183439674157763 0.014104905478190766 2.1602202766752865 0.3442538169742946 0.4216738163780694
0.0 0.0 0.0 0.0 1.3232032445782678
