0.24108906796884577 0.0 0.0 0.0 0.0
1.0 0.0 0.0 0.0 0.0
1.0 0.0 0.0 0.0 0.0
-0.09859229915929443 0.0050798191811449135 0.0 0.0 0.0
-3.730671785307036 0.15681436283407346 0.0 0.0 0.0
-9.133777697211322 -0.05271326336443989 0.0 0.0 0.0
0.13606406985077737 0.0 0.0 0.0 0.0
-0.08075879096775995 -1.027574600858669 0.0 0.0 0.0
-0.7216778827684924 0.0 0.0 0.0 0.0
0.03311974820865346 0.3585936283295231 0.0 0.0 0.0
0.0 0.08728631072498683 0.0 0.0 0.0
0.0 1.355897955577026 0.0 0.0 0.0
0.0 1.0 0.0 0.0 0.0
0.0 1.0 0.0 0.0 0.0
-1.6649971682865 -0.004026083950455513 -0.002557375162787747 0.0 0.0
-7.3587985631664665 -0.09479804761488138 -0.09311130766570003 0.0 0.0
-8.884398969733743 -0.035466691412625755 -0.004466587656029877 0.0 0.0
6.679456577256254 -0.03984142473111396 -0.06347878664710233 0.0 0.0
-0.1795442319105766 0.0 -0.4731845639856338 0.0 0.0
1.5050830288199788 0.10549837850589283 0.0 0.0 0.0
0.9132056184646082 0.25501828488884815 0.13535114109181362 0.0 0.0
-0.7344834310134586 -0.40296132673901935 0.0 0.0 0.0
2.3678130416182857 -0.6252332110004345 0.701808281253966 0.0 0.0
0.0 0.0 -0.831778192315157 0.0 0.0
0.0 0.0 1.9065916654407018 0.0 0.0
0.0 0.0 1.0 0.0 0.0
0.0 0.0 1.0 0.0 0.0
-0.25594639084650606 -0.017002421939168302 -0.00879765563773207 0.00199262290085789 0.0
13.506373850852167 -0.17318390455360771 0.38191469532084754 0.14225214404596642 0.0
6.619657458266316 -0.08930785652928167 -0.12991067008873577 0.0018905156216423372 0.0
-0.8941425102210445 -0.11079829603987883 -0.1463448379014879 0.22310419195368808 0.0
1.6108630775668962 -0.23925275397255874 -0.6546937187853924 0.0 0.0
2.2897605779244894 -0.8286790858551324 0.7185663830583504 0.0 0.0
0.48564922073880223 1.2972780970104494 1.1676596688416117 -0.6434452787813392 0.0
0.0 0.0 0.0 1.7790896550720197 0.0
0.0 0.0 0.0 -1.735440782277895 0.0
0.0 0.0 0.0 -1.0 0.0
0.0 0.0 0.0 1.0 0.0
-1.022820625407638 0.006925742352417069 -0.023312705429749076 0.08789872661917221 0.0164323043013928
-18.289235053102217 0.307583709317745 0.1267681576018796 -0.004989356574289035 0.4982039293501795
-1.3406135410522282 0.34607245518050567 -0.04350684995986458 0.9567209996069889 0.08230742986259006
-15.046360624983713 0.004249479033610823 -0.4763357315812421 -0.01871966683009814 -0.3609047460496957
-7.710892564820265 0.023284195814419907 -1.5693335643961446 -2.606616835348856 0.0
-3.076365483874942 1.2520230357583506 0.5386123763528302 -0.29237480765461255 1.3491688236413706
0.0 0.0 0.0 0.0 -0.516613403657812
