-0.6245691876939339 0.0 0.0 0.0 0.0
-1.0 0.0 0.0 0.0 0.0
1.0 0.0 0.0 0.0 0.0
0.3406595411486692 -0.003151335584804649 0.0 0.0 0.0
9.64931040364065 -0.09890785735457051 0.0 0.0 0.0
2.426205953814169 0.13169287630715557 0.0 0.0 0.0
0.8690492203294973 0.0 0.0 0.0 0.0
-0.025116223742380983 0.626409374749221 0.0 0.0 0.0
-0.825225005216583 0.0 0.0 0.0 0.0
0.10032319795929397 -0.8958699068513984 0.0 0.0 0.0
0.0 -0.10341938282477336 0.0 0.0 0.0
0.0 0.2951683957582891 0.0 0.0 0.0
0.0 1.0 0.0 0.0 0.0
0.0 1.0 0.0 0.0 0.0
0.996500433960957 0.009531020040962948 -0.007299209078057234 0.0 0.0
8.991404604755811 -0.14256973877910403 -0.24526065998380006 0.0 0.0
2.4829543018917004 0.09478590210561487 -0.012563047372699615 0.0 0.0
4.456464039221508 -0.14488466619908452 0.03023790997973415 0.0 0.0
0.707630904092212 0.0 -0.7294698819175078 0.0 0.0
0.04083522967416641 -0.241591948380804 0.0 0.0 0.0
-0.3643200657033956 0.19702047427446423 0.380698405233322 0.0 0.0
0.1909731617794721 -0.08930188187576016 0.0 0.0 0.0
-0.289363706938513 0.801307543281211 0.29957955654824187 0.0 0.0
0.0 0.0 0.1664000249338904 0.0 0.0
0.0 0.0 -1.22345802547862 0.0 0.0
0.0 0.0 -1.0 0.0 0.0
0.0 0.0 1.0 0.0 0.0
1.6487762441505982 0.003947818158316824 -0.021935996748623073 -0.0013396479634121589 0.0
-0.5932789528986255 0.40312290214085067 -0.133546752481014 -0.07044131115265838 0.0
4.648087306468163 -0.052446852884492134 -0.14603171958739078 -0.018310911385369586 0.0
-0.311538828170856 0.04837929072288916 -0.14047840711723297 -0.061709462726861564 0.0
1.0296127561335775 -0.11549987215287953 -0.9994463476970865 0.0 0.0
1.0500698304099831 -0.00020989411710969907 -0.6281241957885042 0.0 0.0
-0.6444162783241854 -1.5082758765347224 0.6425730504164728 0.9394801088372405 0.0
0.0 0.0 0.0 -1.2040013238811746 0.0
0.0 0.0 0.0 1.8709633741624594 0.0
0.0 0.0 0.0 1.0 0.0
0.0 0.0 0.0 1.0 0.0
1.6403648700950788 0.04490065846893432 -0.04554791864987506 -0.032885577373303214 0.0111172975884805
1.434683682935649 0.4647343868721503 -0.31251386192895375 -0.11024356518580217 0.3981671197065316
-0.3855201693686583 0.31394831430971426 -0.08321999350740364 -0.328823478468634 0.021548942799762
-4.865538289500561 0.1301286681405138 0.37742886434070794 0.1601138639627877 -0.13182419782186056
1.1723776342463499 -0.7366986799003241 0.9865694927512338 1.7734196972224776 0.0
0.6448364288976403 2.3774317413172725 -0.7409188331736474 -1.9050481753378024 0.9125495161960513
0.0 0.0 0.0 0.0 0.10284927735059046
