0.4602287679823376 0.0 0.0 0.0 0.0
1.0 0.0 0.0 0.0 0.0
1.0 0.0 0.0 0.0 0.0
0.044623778647033256 -0.007575135447884718 0.0 0.0 0.0
0.09660251211690835 -0.19000747930276563 0.0 0.0 0.0
9.93809814784569 -0.02356690084642393 0.0 0.0 0.0
-0.0045151643802157195 0.0 0.0 0.0 0.0
1.1977695283520842 1.8305553656520652 0.0 0.0 0.0
0.1087003992901096 0.0 0.0 0.0 0.0
-0.0337469084736602 0.16031905337703353 0.0 0.0 0.0
0.0 1.1982448401225452 0.0 0.0 0.0
0.0 -0.2637176225654021 0.0 0.0 0.0
0.0 -1.0 0.0 0.0 0.0
0.0 1.0 0.0 0.0 0.0
1.2392239994515175 0.003932405372340426 -0.001781421575698628 0.0 0.0
-9.210363809238473 -0.32540719189199424 0.014902677896578002 0.0 0.0
10.474713330884544 0.2592020827701513 -0.03413070687329842 0.0 0.0
-0.06783625193995113 -0.34245209123006015 -0.30373201235349595 0.0 0.0
-0.05878954432010949 0.0 2.0874287844680444 0.0 0.0
1.8025738632540687 0.16764019570505262 0.0 0.0 0.0
0.04104883364266638 2.106515132710699 1.0342638446454075 0.0 0.0
1.0181543216414142 1.54167104820044 0.0 0.0 0.0
2.443453044934237 0.6480257851879899 1.6807230165592417 0.0 0.0
0.0 0.0 1.927109731091011 0.0 0.0
0.0 0.0 1.5493624376573498 0.0 0.0
0.0 0.0 1.0 0.0 0.0
0.0 0.0 1.0 0.0 0.0
1.537424343171909 -0.010826831411271035 -0.004096594052234365 -0.002135585152585171 0.0
9.377134879483293 0.46870021939359513 -0.09007587736018755 -0.06905993310737518 0.0
-0.15799702751386935 -0.050342391445207996 0.31403048304663295 -0.07428159061740477 0.0
-10.084688226673354 -0.3683398145472694 -0.10055531085693203 0.069534338945334 0.0
0.4992722448460809 1.6696849645193328 -0.1824505865421401 0.0 0.0
-2.235531108643447 2.4710570365447384 2.314048263880711 0.0 0.0
0.5737283862053039 -0.29674940067150724 0.31031721546123825 1.6786304296054764 0.0
0.0 0.0 0.0 -1.8123966987981834 0.0
0.0 0.0 0.0 0.19918297814764196 0.0
0.0 0.0 0.0 1.0 0.0
0.0 0.0 0.0 1.0 0.0
0.01990931670484919 -0.07220054089318875 0.05200875586578139 -0.005082535238511175 0.005091835994240391
-0.8535819815176637 0.042489580184481665 0.7698502914387001 -0.2923067901263373 0.22093943438578456
-10.349565948193085 -0.46089214109341825 0.5770337253553042 -0.03645830530694217 0.02517487568390578
19.171162593500505 0.3248003939201109 -0.28126440251955837 -0.2854817692964885 -0.3301983281362828
4.9187014280742964 0.21790204143563732 -1.3647985113525498 2.946516528939628 0.0
-3.230568805268507 1.9211478554861396 2.679865203340215 0.659048562031325 2.580196586471413
0.0 0.0 0.0 0.0 1.8500260195176832
