1.415620746946228 0.0 0.0 0.0 0.0
1.0 0.0 0.0 0.0 0.0
1.0 0.0 0.0 0.0 0.0
0.2994232150470133 -0.008415803919844141 0.0 0.0 0.0
8.78130993935764 -0.21826375396356013 0.0 0.0 0.0
4.455147972252854 -0.07183449968273603 0.0 0.0 0.0
-0.4421085032778063 0.0 0.0 0.0 0.0
0.4745587237141521 1.984931758171675 0.0 0.0 0.0
-1.587624058042964 0.0 0.0 0.0 0.0
-1.0078174375276199 0.4886700658689526 0.0 0.0 0.0
0.0 1.1139577952678201 0.0 0.0 0.0
0.0 1.0243354693357052 0.0 0.0 0.0
0.0 1.0 0.0 0.0 0.0
0.0 1.0 0.0 0.0 0.0
1.1894251274991894 0.0057814722959683845 -0.02005943286814593 0.0 0.0
6.569660469463807 -0.02921961040667323 -0.588277127405626 0.0 0.0
4.736080345011761 0.3250206522000511 -0.10621288578511984 0.0 0.0
7.627993120201119 0.2568161242893144 -0.4717938446609716 0.0 0.0
-0.5369218994572393 0.0 0.5934689290727866 0.0 0.0
0.5151426300822309 -1.5148584156589653 0.0 0.0 0.0
-0.9795431801393517 -2.1015624264863035 3.2185722965187864 0.0 0.0
1.249611903006197 -2.654452214264486 0.0 0.0 0.0
-0.20100643859686196 -1.645550137311831 1.2279076872797945 0.0 0.0
0.0 0.0 0.10479886320383391 0.0 0.0
0.0 0.0 -0.5575686732563461 0.0 0.0
0.0 0.0 -1.0 0.0 0.0
0.0 0.0 1.0 0.0 0.0
2.245370174478244 0.12871402533259435 -0.08756890944179614 0.004312998921052002 0.0
-1.8472300572500409 0.9279995494157703 -0.32066058186350643 0.1405367070357651 0.0
7.566937737002758 1.0359574405828917 -0.29348922832452895 -0.007198275471148688 0.0
-1.552927143544677 -0.14174267961853082 -0.7610599685232277 -0.5427789772271235 0.0
-0.18285936654196355 2.4498022934824477 0.3657045870758069 0.0 0.0
-0.18811890558405286 2.4105084558304095 2.9508659382584863 0.0 0.0
-0.3321333134916875 0.2128393461070729 -0.38415319656736036 0.9832660736149549 0.0
0.0 0.0 0.0 -0.9297328377589036 0.0
0.0 0.0 0.0 0.48014177364892996 0.0
0.0 0.0 0.0 1.0 0.0
0.0 0.0 0.0 1.0 0.0
2.144805516535391 0.1331376730012775 -0.22413304629679728 -0.07449116362103217 0.024092398480005474
3.856134873979215 0.9464809380998507 -0.9390312416375433 -0.15644474880447312 0.8077531078158098
-1.5287957576480249 -0.18839180156514093 -0.7561844506727952 -0.5342177195756331 -0.0005924037222512918
-6.816733509175249 -0.14676204607678425 -0.6353668746970256 0.1502522389953286 0.41121352724979787
0.02808021235005477 -0.04860968901243368 0.15394416053796434 0.20307073444915247 0.0
-0.28318785315112516 2.288731615402467 1.8871457617930776 -1.4731534815292011 -0.15638885457038137
0.0 0.0 0.0 0.0 -0.9928752140320687
