0.12553623867144248 0.0 0.0 0.0 0.0
1.0 0.0 0.0 0.0 0.0
1.0 0.0 0.0 0.0 0.0
0.04174108117927029 0.003611056792732585 0.0 0.0 0.0
1.7403342681043026 0.11919120990900466 0.0 0.0 0.0
9.609210357990182 -0.020871281032884978 0.0 0.0 0.0
-0.02593364888075781 0.0 0.0 0.0 0.0
0.2909383700961945 -0.677964060702539 0.0 0.0 0.0
0.2634265637955552 0.0 0.0 0.0 0.0
-0.05405067546979774 0.1419815036250679 0.0 0.0 0.0
0.0 0.29591656038987013 0.0 0.0 0.0
0.0 1.8987846916544258 0.0 0.0 0.0
0.0 1.0 0.0 0.0 0.0
0.0 1.0 0.0 0.0 0.0
1.1301745272720165 0.00019953486321262585 0.001704745598137481 0.0 0.0
-9.39680744818385 -0.2021833961323289 0.10596571879938796 0.0 0.0
9.400517933705181 0.013009365755239019 -0.006448530511377611 0.0 0.0
3.2078718104952837 0.1751563762518839 0.09379694300298938 0.0 0.0
-0.3005881246222859 0.0 1.645659432729404 0.0 0.0
-0.0463689734249709 0.06047061412645914 0.0 0.0 0.0
0.3855807723892103 1.6096612717120549 0.19541001549629175 0.0 0.0
-3.3469074069683766 -0.28295696384565994 0.0 0.0 0.0
2.3558865233375172 -0.34533614881440333 -0.48342301521667314 0.0 0.0
0.0 0.0 1.5036779291043363 0.0 0.0
0.0 0.0 -0.33962443002382425 0.0 0.0
0.0 0.0 -1.0 0.0 0.0
0.0 0.0 1.0 0.0 0.0
1.7929574996223585 0.030202983756428783 0.05718246353944259 -0.011372899410523808 0.0
6.469960720349363 -0.028868596185717264 0.19421061812776869 -0.3723084532605422 0.0
3.007125972411147 0.2502549298824115 0.6063277267498504 -0.04660120486835932 0.0
-12.760111913332501 -0.053224642980283704 0.11470446050290374 -0.09474703033457417 0.0
-0.6926847932555014 -0.019482273426649255 0.25751860440808505 0.0 0.0
3.845049902194038 1.1194034209358665 -0.32326717121617377 0.0 0.0
-3.184985166358864 -0.6423643029287143 -0.09105381978899005 -0.10989020255099369 0.0
0.0 0.0 0.0 -0.35521752387796246 0.0
0.0 0.0 0.0 -1.753355288463268 0.0
0.0 0.0 0.0 -1.0 0.0
0.0 0.0 0.0 1.0 0.0
0.24258957223587707 0.03791963709823085 0.12615690175065306 -0.04858648143283821 0.0048854120942643
8.140726210118535 0.3844865391077662 0.7161439745703191 -0.1628639104867526 0.1598541931948805
-11.95266597634048 0.015362024433250271 0.5308400950952262 -0.3540729986264918 0.020148736943660973
13.579987051072393 -0.08031103738668871 0.05118188072893955 -0.4174445106751151 -0.21358094702139213
-7.190090437842873 0.01135666842097022 -0.4861172461509113 1.1544385965357722 0.0
6.446899856539178 1.1068049114254472 0.22099438659505863 0.12268383459055522 1.2970870085323283
0.0 0.0 0.0 0.0 -0.40013664847540875
