-0.4719064240763293 0.0 0.0 0.0 0.0
-1.0 0.0 0.0 0.0 0.0
1.0 0.0 0.0 0.0 0.0
0.2319491020382215 0.001380385525291815 0.0 0.0 0.0
6.688359422075756 0.050110117127802375 0.0 0.0 0.0
-7.2746284728958495 0.07480679331401736 0.0 0.0 0.0
0.34255856023998765 0.0 0.0 0.0 0.0
-0.18555469186347717 -0.22822865086913052 0.0 0.0 0.0
0.5299593897553144 0.0 0.0 0.0 0.0
-0.16890432610842504 -0.5088897504354923 0.0 0.0 0.0
0.0 0.2509167492430331 0.0 0.0 0.0
0.0 1.6511189407400684 0.0 0.0 0.0
0.0 1.0 0.0 0.0 0.0
0.0 1.0 0.0 0.0 0.0
-0.8577701404572653 0.02278765356393491 0.005656738685716492 0.0 0.0
-0.7859337241534661 0.1250638639434764 0.1892379554601654 0.0 0.0
-7.154082348577063 0.18574797769800355 0.03252057989573294 0.0 0.0
-10.299534801412197 -0.1419765322648725 0.014885269927738642 0.0 0.0
-0.3635336727099221 0.0 0.5400494439568082 0.0 0.0
-1.4177891418306248 -0.7910944691966204 0.0 0.0 0.0
-2.1492660338891194 -1.1264139426222564 -0.9854721180525138 0.0 0.0
-0.4524006220985588 0.4102557623828187 0.0 0.0 0.0
2.7767396033547005 0.4351809265007387 0.46521918630801806 0.0 0.0
0.0 0.0 1.0489391943923008 0.0 0.0
0.0 0.0 1.971060838401176 0.0 0.0
0.0 0.0 1.0 0.0 0.0
0.0 0.0 1.0 0.0 0.0
-2.453930890845835 0.011940020829779834 0.01627500133520038 0.008182454487209253 0.0
-3.3256145618602027 -0.3438778674872882 -0.1403345769052302 0.22548087071709566 0.0
-9.796733931722377 0.14751069926058932 0.1620662072137048 0.04770665292519162 0.0
6.581744211924455 -0.0949701881469241 -0.30852136546665093 -0.2247400482732597 0.0
-1.3034505053490177 0.42660272391908516 -1.2775395532747607 0.0 0.0
-7.3039171388006485 -2.6688914960127903 -0.683796302354787 0.0 0.0
0.7444562518470602 -1.4247413042241237 0.6256776097822692 1.477192144940392 0.0
0.0 0.0 0.0 -1.146197839701125 0.0
0.0 0.0 0.0 1.848856113705017 0.0
0.0 0.0 0.0 1.0 0.0
0.0 0.0 0.0 1.0 0.0
-1.1089547406509173 0.01603405196566633 -0.001543095814956483 -0.03999223402077924 -0.0033645002254370014
9.815259939568755 -0.19261628914225448 -0.2883220836117654 -0.05073019963460034 -0.08748879857012892
7.60057753273006 0.2889512146513124 0.2584436760628257 -0.40412905892021234 -0.006615948278322981
4.871363222326249 -0.15464402391120174 0.1193659499554442 -0.22168228112779353 -0.4360751567742209
-5.65501393163488 1.4566802981967912 -1.955566665939398 -3.0700381219191626 0.0
8.2473287381485 2.0307125889416553 -0.4558437864376518 0.04185802714119541 2.4432666070138382
0.0 0.0 0.0 0.0 1.776920429760167
