1.5819611989442413 0.0 0.0 0.0 0.0
1.0 0.0 0.0 0.0 0.0
1.0 0.0 0.0 0.0 0.0
0.3358318569415911 -0.009807310977619312 0.0 0.0 0.0
9.84507517029792 -0.24289781820781522 0.0 0.0 0.0
-1.1326364439190877 0.13324823940387318 0.0 0.0 0.0
0.8955100173521493 0.0 0.0 0.0 0.0
-0.25484855742248197 2.3910521447909137 0.0 0.0 0.0
-2.221784469730021 0.0 0.0 0.0 0.0
-1.6253975142013148 -0.9064506081896135 0.0 0.0 0.0
0.0 1.6452552587340765 0.0 0.0 0.0
0.0 -1.9152276219805433 0.0 0.0 0.0
0.0 -1.0 0.0 0.0 0.0
0.0 1.0 0.0 0.0 0.0
0.499915495061536 0.05135753473012111 -0.011262489491430496 0.0 0.0
10.308712017490096 0.22921986201645073 -0.4111114104119722 0.0 0.0
-1.1685305353774291 0.7007300557365113 0.031216325252750796 0.0 0.0
-3.869414812650693 -0.5407091449660371 0.31374683277642945 0.0 0.0
2.0903362678663884 0.0 -2.115874244411931 0.0 0.0
-0.6184019488639827 1.4134268293447687 0.0 0.0 0.0
-2.2119765019748288 -2.5386900080248376 -0.9459492500833582 0.0 0.0
3.9052140979931416 4.233366808513686 0.0 0.0 0.0
2.37972510784931 2.5397693042216782 -1.9094254494865033 0.0 0.0
0.0 0.0 -1.2094236362223176 0.0 0.0
0.0 0.0 -0.27122104496372845 0.0 0.0
0.0 0.0 -1.0 0.0 0.0
0.0 0.0 1.0 0.0 0.0
-0.062213948117817774 -0.09070605728267553 -0.0545238121818642 0.02753990427611055 0.0
-1.3069077709583858 -2.061055496536815 -1.427978486151548 0.7946953179318959 0.0
-3.3947263503342553 -0.7463656114968353 -0.47809316049203027 0.11417496221624562 0.0
0.1389750535787626 -0.34680051356960223 -0.5230651712099206 -0.0016837878091017638 0.0
1.6378659916835172 -0.8067045376955468 -3.1800821688977754 0.0 0.0
0.10553088802300126 2.0453399049927925 5.724566889688099 0.0 0.0
-3.668353567455196 -4.744908682331985 0.41560889742725005 2.771597733610988 0.0
0.0 0.0 0.0 0.7019334528308714 0.0
0.0 0.0 0.0 1.2420469609573015 0.0
0.0 0.0 0.0 1.0 0.0
0.0 0.0 0.0 1.0 0.0
-0.07145923923039321 -0.18855940460032655 -0.2014853789679321 0.006042633594483638 0.02435064012338558
-0.7668510518267908 -2.3702707021128417 -2.8207315769816796 0.12427622938360794 0.7675824875469113
0.09519319054528674 0.0819993065039692 -0.2908821551432464 -0.5004342207780398 -0.059709449105123324
2.6788753658972677 -0.12486207058715892 0.6021861938384085 0.610695112347857 -0.05972551043872609
3.236045681288299 1.9871370362922 -4.905373152158639 -6.95777600345038 0.0
3.8147668238894976 2.5111582480202577 -2.0522603365822176 -1.5934968091737027 1.479816821913094
0.0 0.0 0.0 0.0 1.0728371526005809
