4.31797323963 2.05878703875 -1.78061505916 1.23280865748 2.97676912904
2.5250071091 1.8384060535 -2.39802105656 3.02178621178 0.883308387421
3.26805593094 0.455958715321 -3.71000923537 1.66720472693 4.5211827057
5.72837314103 2.17901685641 -1.11919529616 1.91723178209 0.735992891967
1.59324747537 2.40257648658 -1.9658732915 1.49050463358 5.44658123468
0.279938168833 1.31451419949 -4.15148393061 2.87656305813 0.189405637011
2.24665866156 2.36797475422 -4.97795357722 2.38974357018 0.590431152412
2.33452713335 2.25119390751 -2.49802647461 1.24584296586 2.94163322667
5.22879995632 0.939586616887 -1.58659974435 1.46754478191 4.1690523315
5.22828948951 1.93572342576 -1.43631092232 1.90363946722 4.71000375741
