2.54350994389 2.29947540517 -2.74643451703 0.735936416276 4.56415976258
4.26409518498 1.75136107053 -1.92079312895 2.65050140024 1.11421958069
1.18869867237 2.27633422867 -3.44937335309 1.00368514563 4.96254460676
2.94960643587 1.35263017029 -2.59181393921 1.68544704426 4.16341650245
5.600993343 2.26660249145 -1.26946250464 2.07068186316 1.36676043004
4.79484434344 2.26660249145 -2.96437298367 0.167400088436 2.67038564774
1.67698789815 0.156707795618 -3.20790949395 1.67257011438 0.714947821188
5.24487483178 0.410243118346 -3.91296267042 3.30224655832 2.47327892108
1.89714965179 0.4960591266 -0.624575052116 2.36750883149 5.51715469848
3.76342181217 0.0301952116784 -1.04976148259 2.06352801323 4.75034014307
