1.22232360371 2.03854891145 -3.3191925039 2.44614128559 4.87164993964
5.24067363654 2.06250633573 -3.93437372251 0.716100378311 1.33636199447
5.24067363654 2.04304286128 -1.26946250464 1.68544704426 2.67038564774
4.40788742809 0.640585044836 -1.56591285204 1.22007369249 0.386927185992
2.60255849774 1.09886517138 -2.60531426013 0.547255197633 3.89066531241
0.69805056144 2.26335857904 -1.45185580596 1.45401999892 3.10005584281
1.43978408731 1.09651161762 -1.65892363041 0.223619998746 4.76267600149
3.8194029996 1.02698713086 -0.396195748229 2.11122963918 4.19194551464
1.19225727402 0.728821235857 -1.18822532355 1.88591937862 5.58751746925
1.28600268475 1.76514769827 -4.51575237047 1.5634739029 3.86937009685
