2.94960643587 1.35263017029 -2.59181393921 0.154523158557 0.21045070779
1.41338248278 2.46934701699 -4.31988683666 1.30021222536 5.44658123468
3.8265219899 2.21848445739 -1.45548294547 1.7237201414 2.35470958606
0.973659424211 1.05553416362 -1.01491254425 2.16711058696 4.03509173342
3.20436603193 0.528135766415 -2.96437298367 0.954681273583 0.841218245863
0.298219528736 0.764130394149 -3.62865767768 1.09954673473 3.23801797348
5.7071431747 2.24767966906 -4.83494064778 3.37089408851 4.85322715577
2.08686972734 0.888907590425 -3.24236850323 1.73864922813 1.45222268912
3.74514045227 0.548139892935 -0.46682834627 1.53807773563 2.67623150074
1.29484850406 1.61511674937 -3.41206563236 2.95919002486 4.68954327193
