2.73653557239 1.98739103233 -1.0557521908 0.363143522693 4.87827573065
4.80015183502 1.80921084182 -3.67373784022 0.373073274015 3.37539551884
1.97482409857 2.50492385151 -2.81543087925 1.63937807982 0.792202219502
5.11329383851 2.38473496833 -2.37781270783 1.08845826733 5.29926573922
5.67582147981 2.27520209202 -4.85016132909 2.07204934759 0.978901731438
1.42222830209 0.392972749386 -1.31713348112 2.98816311709 5.0180802102
3.51681063488 0.554487186362 -2.2496434852 0.680869862212 1.90370820968
5.6381457841 0.16616920681 -2.6477755203 0.193153948196 1.74674087466
2.65372323224 1.38637095055 -3.47193400969 0.541023181694 1.2319342642
3.34885157414 0.217239066348 -0.577475764575 0.156903579408 0.869527286518
